aartfaac_cams_perseids2020.ecsv
# %ECSV 0.9
# ---
# datatype:
# - {name: Daily_number, datatype: int64, description: CAMS Reference index for the meteor from a nights collection of trajectories}
# - {name: Time_start, datatype: string, description: Time (UTC) of the begin point of the optical trajectory}
# - {name: Time_end, datatype: string, description: Time (UTC) of the end point of the optical trajectory}
# - {name: RAinf, unit: deg, datatype: float64, description: Right Ascention of radiant}
# - {name: RAinf +/-, datatype: float64}
# - {name: DECinf, unit: deg, datatype: float64, description: Declination of radiant}
# - {name: DECinf +/-, datatype: float64}
# - {name: Vinf, unit: km / s, datatype: float64, description: Entry speed}
# - {name: Vinf +/-, datatype: float64}
# - {name: Acc1, unit: km / s, datatype: float64, description: Acceleration parameter a1 (see Jenniskens et al.}
# - {name: Acc1 +/-, datatype: float64}
# - {name: Acc2, unit: 1 / s, datatype: float64, description: Acceleration parameter a2 (see Jenniskens et al.}
# - {name: Acc2 +/-, datatype: float64}
# - {name: LatBeg +N, unit: deg, datatype: float64, description: Geodetic latitude of the beginning point (+ to North)}
# - {name: LatBeg +N +/-, datatype: float64}
# - {name: LonBeg +E, unit: deg, datatype: float64, description: Geodetic longitude of the beginning point (+ to West!)}
# - {name: LonBeg +E +/-, datatype: float64}
# - {name: Hbeg, unit: km, datatype: float64, description: Altitude of the beginning point above WGS84 Earth ellipsoid}
# - {name: Hbeg +/-, datatype: float64}
# - {name: LatEnd +N, unit: deg, datatype: float64, description: Geodetic latitude of the end point (+ to North)}
# - {name: LatEnd +N +/-, datatype: float64}
# - {name: LonEnd +E, unit: deg, datatype: float64, description: Geodetic longitude of the end point (+ to West!)}
# - {name: LonEnd +E +/-, datatype: float64}
# - {name: Hend, unit: km, datatype: float64, description: Altitude of the end point above WGS84 Earth ellipsoid}
# - {name: Hend +/-, datatype: float64}
# - {name: Conv, unit: deg, datatype: float64, description: Highest convergence angle between planes}
# - {name: S-Azim +W, unit: deg, datatype: float64}
# - {name: ZenAng, unit: deg, datatype: float64, description: Zenith angle of radiant}
# - {name: Hmax, unit: km, datatype: float64, description: Altitude of peak brightness above WGS84 Earth ellipsoid}
# - {name: Max-mV, unit: mag, datatype: float64, description: Peak brightness in V-magnitudes (zero=3.67e-11 W/m^2/nm)}
# - {name: Int-mV, unit: mag, datatype: float64, description: Integrated brightness in magnitude (zero=3.67e-11 W/m^2/nm)}
# - {name: F-skew Hratio, datatype: float64, description: Skew factor of light curve (0=peak at beginning}
# - {name: Cameras Contributing, datatype: string, description: Contributing camera numbers}
# - {name: AARTFAAC_elevation, unit: deg, datatype: float16, description: Elevation of beginning point above AARTFAAC}
# - {name: AARTFAAC_classification, datatype: int64, description: AARTFAAC classification (0=no match}
# - {name: AARTFAAC_duration, unit: s, datatype: int64, description: Duration of AARTFAAC detection}
# - {name: Hbeg_radio, unit: km, datatype: float64, description: Altitude of the beginning of the AARTFAAC detection above WGS84 Earth
#     ellipsoid}
# - {name: Hend_radio, unit: km, datatype: float64, description: Altitude of the end of the AARTFAAC detection above WGS84 Earth ellipsoid}
# delimiter: ','
# schema: astropy-2.0
Daily_number,Time_start,Time_end,RAinf,RAinf +/-,DECinf,DECinf +/-,Vinf,Vinf +/-,Acc1,Acc1 +/-,Acc2,Acc2 +/-,LatBeg +N,LatBeg +N +/-,LonBeg +E,LonBeg +E +/-,Hbeg,Hbeg +/-,LatEnd +N,LatEnd +N +/-,LonEnd +E,LonEnd +E +/-,Hend,Hend +/-,Conv,S-Azim +W,ZenAng,Hmax,Max-mV,Int-mV,F-skew Hratio,Cameras Contributing,AARTFAAC_elevation,AARTFAAC_classification,AARTFAAC_duration,Hbeg_radio,Hend_radio
[from data line 558]
568,2020-08-13 01:59:17.410,2020-08-13 01:59:17.710,20.55,0.13,65.4,0.08,55.86,0.21,0.07,0.006,10.414,0.059,52.7257,0.0001,7.9103,0.0001,108.01,0.02,52.6906,0.0001,7.8748,0.0002,92.26,0.02,87.7,211.5,16.5,98.5,-0.9,-2.8,0.6,000354_000802_000326,55.3,0,,,
569,2020-08-13 01:59:36.530,2020-08-13 01:59:36.650,69.62,2.59,58.65,0.47,57.08,1.79,0.005,0.004,28.958,0.539,51.5502,0.0004,4.2664,0.0006,105.16,0.06,51.5264,0.0011,4.2205,0.0011,100.22,0.09,38.6,230.2,40.5,102.8,1.6,0.1,0.48,003003_000373,22.98,0,,,
570,2020-08-13 01:59:52.870,2020-08-13 01:59:53.110,47.78,0.12,56.05,0.12,59.91,0.19,0.0,0.0,77.62,0.013,52.0006,0.0002,4.4455,0.0001,108.11,0.03,51.971,0.0001,4.3569,0.0003,95.81,0.04,62.2,241.5,29.8,99.8,0.0,-1.9,0.67,003032_000388_000396,28.1,0,,,
571,2020-08-13 01:59:53.230,2020-08-13 01:59:53.440,49.09,0.81,56.8,0.32,59.96,0.23,0.0,0.001,14.928,0.255,52.0089,0.0004,4.4319,0.0005,106.49,0.06,51.9802,0.0007,4.3523,0.0006,95.49,0.05,53.2,239.7,30.3,100.2,-1.0,-2.0,0.57,003814_000813,27.69,0,,,
572,2020-08-13 01:59:59.360,2020-08-13 01:59:59.520,47.47,0.0,58.72,0.0,56.44,0.0,0.0,0.0,154.113,0.0,51.8693,0.0,5.3227,0.0,106.81,0.0,51.8486,0.0,5.2726,0.0,99.1,0.0,61.1,236.3,28.7,101.0,0.5,-0.5,0.75,000328_000399_003003_000324,33.3,0,,,
573,2020-08-13 02:01:01.360,2020-08-13 02:01:01.700,47.48,0.0,57.95,0.0,60.59,0.0,0.0,0.0,80.352,0.0,50.4123,0.0,2.6408,0.0,108.87,0.0,50.3592,0.0,2.5212,0.0,91.29,0.0,26.4,235.2,30.9,94.3,-1.0,-3.3,0.83,000394_000393,13.15,1,12,105.505,91.199
574,2020-08-13 02:01:07.750,2020-08-13 02:01:07.990,55.23,0.21,47.97,0.38,54.33,0.34,0.004,0.008,14.342,0.477,52.7557,0.0004,3.9474,0.0009,107.76,0.07,52.7353,0.0003,3.8376,0.0012,97.27,0.03,14.4,252.9,37.0,100.7,-0.1,-1.1,0.68,000329_003166,27.5,0,,,
575,2020-08-13 02:01:08.820,2020-08-13 02:01:09.080,50.8,1.11,55.87,0.9,62.0,1.02,0.0,0.013,18.268,0.682,52.7794,0.0006,3.8698,0.0017,113.59,0.17,52.7448,0.0006,3.7622,0.0027,99.81,0.16,2.2,242.0,31.3,104.0,-0.9,-3.0,0.69,000322_000352,28.14,0,,,
576,2020-08-13 02:01:21.290,2020-08-13 02:01:21.430,46.16,0.31,56.17,0.28,60.63,0.43,0.013,0.002,22.5,0.468,51.167,0.0002,7.0523,0.0004,106.58,0.03,51.1508,0.0003,7.0055,0.0003,99.33,0.02,38.9,241.1,27.7,103.4,1.5,-0.2,0.44,000321_000347,27.58,0,,,
577,2020-08-13 02:01:45.260,2020-08-13 02:01:45.460,48.47,0.35,60.04,0.18,65.51,0.38,0.026,0.003,15.931,0.457,53.178,0.0004,5.7246,0.0003,108.12,0.05,53.1482,0.0004,5.6525,0.0003,96.85,0.06,25.5,235.5,27.9,102.5,0.3,-1.8,0.5,000351_000327_000318,52.16,0,,,
578,2020-08-13 02:01:52.170,2020-08-13 02:01:52.370,50.06,0.0,59.16,0.0,61.81,0.0,0.0,0.0,267.069,0.0,53.2215,0.0,4.9694,0.0,105.32,0.0,53.1931,0.0,4.8966,0.0,94.74,0.0,68.9,236.9,29.1,100.1,-0.1,-2.3,0.49,000801_000318_000351_003167,37.78,0,,,
579,2020-08-13 02:02:48.840,2020-08-13 02:02:49.120,76.27,0.02,19.33,0.01,63.85,0.02,0.005,0.0,16.187,0.056,51.3894,0.0001,6.4462,0.0002,97.39,0.01,51.3825,0.0,6.2163,0.0001,90.54,0.0,89.6,267.2,67.2,94.9,-1.2,-2.2,0.36,003814_003001_000381_000812_000384_000372_000347_000320_000321,28.52,1,12,93.821,90.799
580,2020-08-13 02:03:35.770,2020-08-13 02:03:35.870,45.67,0.66,59.32,0.62,57.87,0.52,0.0,0.0,44.386,0.331,52.7787,0.0004,4.0525,0.0008,105.7,0.06,52.7654,0.0005,4.019,0.0011,100.39,0.07,15.6,236.6,27.4,102.4,0.7,-0.6,0.63,000352_003166,27.97,0,,,
581,2020-08-13 02:04:37.400,2020-08-13 02:04:37.580,47.94,0.28,57.47,0.18,66.41,0.31,0.515,0.007,6.549,0.166,51.9132,0.0001,3.2641,0.0003,106.55,0.02,51.8884,0.0001,3.1984,0.0003,97.06,0.02,49.9,238.6,29.6,100.2,1.6,-0.1,0.67,000389_003162,20.2,0,,,
582,2020-08-13 02:04:56.800,2020-08-13 02:04:56.940,54.82,0.46,57.43,0.23,60.49,0.65,0.01,0.004,24.617,0.223,52.669,0.0001,6.3523,0.0003,103.24,0.03,52.6497,0.0001,6.2997,0.0003,96.25,0.04,42.2,238.8,31.1,98.7,1.0,-0.7,0.65,000821_003000,66.4,0,,,
583,2020-08-13 02:06:07.620,2020-08-13 02:06:07.980,57.01,0.06,11.77,0.06,68.35,0.06,0.019,0.007,0.004,0.011,50.2364,0.0001,4.2143,0.0002,111.48,0.02,50.2918,0.0001,3.926,0.0003,99.7,0.01,50.5,286.6,61.7,109.0,-0.2,-2.2,0.21,003814_000807_000808,15.93,0,,,
584,2020-08-13 02:06:39.320,2020-08-13 02:06:39.520,89.33,0.0,64.98,0.06,41.17,0.02,0.0,0.0,68.488,0.001,50.5429,0.0,6.6264,0.0,104.81,0.01,50.5007,0.0001,6.5774,0.0001,98.94,0.01,13.0,216.5,45.3,100.1,-1.0,-2.4,0.8,003831_000371,20.27,0,,,
586,2020-08-13 02:08:11.830,2020-08-13 02:08:11.990,48.95,0.43,60.48,0.19,58.26,0.14,0.007,0.003,2.311,0.023,51.247,0.0002,4.2172,0.0002,102.65,0.01,51.2221,0.0002,4.167,0.0002,94.51,0.02,36.7,231.6,29.1,97.6,0.9,-0.8,0.62,003003_003165_000373_003005,20.23,0,,,
587,2020-08-13 02:08:48.210,2020-08-13 02:08:48.320,42.26,0.78,63.56,0.31,62.69,0.23,0.0,0.0,67.416,0.255,52.643,0.0003,4.0381,0.0006,108.18,0.04,52.6255,0.0002,4.0074,0.0007,101.99,0.06,11.6,227.0,25.1,103.0,1.6,0.0,0.84,000352_003166,28.14,0,,,
588,2020-08-13 02:09:36.250,2020-08-13 02:09:36.410,54.05,0.67,59.85,0.22,72.34,0.42,4.662,0.012,2.404,0.073,51.0476,0.0004,4.6703,0.0003,105.74,0.03,51.0206,0.0003,4.6152,0.0003,97.6,0.02,33.7,232.1,31.4,101.6,0.7,-1.1,0.51,000324_003165,21.05,0,,,
589,2020-08-13 02:10:12.520,2020-08-13 02:10:13.680,274.94,0.67,65.89,0.08,26.39,0.03,0.005,0.0,5.035,0.035,50.1796,0.0003,5.5823,0.0003,92.53,0.02,50.0331,0.0008,5.748,0.0006,71.23,0.08,11.0,144.0,43.9,86.6,1.2,-0.4,0.28,003831_000380,14.72,1,6,88.188,79.088
590,2020-08-13 02:10:27.620,2020-08-13 02:10:27.720,49.84,0.78,57.33,0.47,58.13,0.32,0.0,0.0,79.548,0.103,50.7678,0.0002,3.1046,0.0004,104.22,0.04,50.754,0.0002,3.071,0.0005,99.35,0.03,31.6,237.1,30.5,101.2,2.5,1.2,0.62,000394_000393,14.75,0,,,
591,2020-08-13 02:10:43.930,2020-08-13 02:10:44.150,50.75,0.47,50.28,0.57,56.87,0.41,0.02,0.005,17.649,0.523,53.345,0.0004,4.3794,0.0008,106.31,0.06,53.3297,0.0005,4.2892,0.001,95.93,0.06,10.6,254.2,31.5,102.5,-0.9,-3.0,0.37,000329_000352,30.52,1,2,100.885,99.163
592,2020-08-13 02:10:58.860,2020-08-13 02:10:59.050,47.61,0.33,56.96,0.13,58.89,0.42,0.0,0.0,51.358,0.344,52.3832,0.0001,4.9057,0.0004,107.94,0.03,52.3606,0.0002,4.8386,0.0004,97.79,0.06,81.3,241.2,27.6,99.7,-0.4,-1.3,0.81,000328_000388_000322,35.7,0,,,
593,2020-08-13 02:10:58.880,2020-08-13 02:10:59.160,68.16,0.0,44.93,0.0,58.07,0.0,0.0,0.0,49.743,0.0,52.3859,0.0,4.9595,0.0,107.24,0.0,52.3539,0.0,4.8072,0.0002,95.77,0.02,2.2,251.0,44.2,99.4,0.7,-1.3,0.69,003004_000323,36.2,0,,,
594,2020-08-13 02:11:01.300,2020-08-13 02:11:01.480,48.07,0.33,57.32,0.18,60.47,0.23,0.0,0.0,33.76,0.287,52.9705,0.0003,4.8351,0.0004,107.57,0.05,52.9495,0.0004,4.7717,0.0005,98.09,0.07,10.0,241.3,27.5,104.4,-0.5,-2.3,0.34,000352_000318_000322,37.3,0,,,
595,2020-08-13 02:14:20.220,2020-08-13 02:14:20.800,341.71,0.1,-9.63,0.14,29.99,0.21,0.014,0.001,8.086,0.044,51.6116,0.0003,6.7486,0.0001,86.69,0.04,51.7309,0.0004,6.8292,0.0001,79.52,0.06,17.4,22.8,63.9,82.0,0.7,-2.4,0.65,000321_003001,29.98,0,,,
596,2020-08-13 02:14:28.110,2020-08-13 02:14:28.410,49.59,0.13,57.35,0.05,62.0,0.05,0.007,0.0,18.112,0.044,51.2874,0.0001,6.9661,0.0001,109.14,0.01,51.2497,0.0001,6.8672,0.0002,93.39,0.02,82.7,238.7,27.6,98.9,-0.7,-2.1,0.65,003814_000347_000384_000321,30.02,1,10,100.163,94.724
598,2020-08-13 02:15:12.880,2020-08-13 02:15:13.280,47.7,0.0,58.8,0.0,60.64,0.0,0.0,0.0,86.908,0.0,52.7815,0.0,5.3627,0.0,110.73,0.0,52.7394,0.0,5.2512,0.0,92.51,0.0,29.8,238.1,26.4,93.7,-2.9,-4.6,0.94,000329_000822,46.47,2,26,96.614,89.373
599,2020-08-13 02:15:33.400,2020-08-13 02:15:33.740,47.26,0.37,58.74,0.26,61.42,0.23,0.142,0.016,4.56,0.238,52.8642,0.0002,3.6792,0.0002,116.81,0.04,52.8213,0.0005,3.5651,0.0014,98.65,0.09,11.7,238.1,26.9,106.0,0.5,-2.2,0.59,003166_000352,27.34,0,,,
600,2020-08-13 02:16:53.770,2020-08-13 02:16:54.180,48.48,0.03,58.2,0.0,60.05,0.0,0.0,0.0,31.637,0.002,51.0556,0.0,6.3113,0.0001,111.77,0.0,51.0013,0.0002,6.1809,0.0004,89.94,0.06,83.6,236.5,27.1,98.6,-2.2,-3.5,0.61,003814_000395_000321_000371_000381,26.81,1,30,103.015,91.62
601,2020-08-13 02:16:58.880,2020-08-13 02:16:59.470,33.32,0.38,78.65,0.03,47.68,0.05,0.001,0.0,14.497,0.272,51.7224,0.0001,2.9679,0.0002,105.12,0.02,51.6039,0.0001,2.9241,0.0003,80.89,0.02,45.3,192.9,29.6,87.7,-1.0,-3.6,0.72,000390_000888_003162,17.98,2,28,102.94,80.376
602,2020-08-13 02:17:38.640,2020-08-13 02:17:38.980,46.82,0.29,57.68,0.08,59.17,0.26,0.004,0.004,11.248,0.633,50.6779,0.0004,5.6808,0.0005,109.25,0.05,50.6352,0.0004,5.5763,0.0008,91.43,0.11,63.0,237.2,26.6,98.4,-0.6,-2.0,0.61,003814_000395,21.27,0,,,
603,2020-08-13 02:18:01.300,2020-08-13 02:18:01.530,52.21,0.11,47.54,0.12,63.2,0.24,0.0,0.0,39.697,0.289,50.7532,0.0003,5.2572,0.0002,108.03,0.05,50.7373,0.0003,5.1595,0.0005,96.69,0.06,19.1,255.5,32.6,100.4,1.0,-0.1,0.68,003814_000395,20.81,1,2,,
604,2020-08-13 02:18:02.750,2020-08-13 02:18:04.060,312.66,0.02,-3.77,0.02,23.28,0.01,0.512,0.007,0.897,0.018,51.1492,0.0001,2.568,0.0001,91.82,0.01,51.2996,0.0001,2.8691,0.0003,80.68,0.02,56.9,51.6,67.9,84.3,1.8,-2.1,0.68,003036_000390,12.82,0,,,
605,2020-08-13 02:18:04.390,2020-08-13 02:18:06.490,227.42,0.17,-56.41,0.17,52.75,0.16,13.024,0.022,1.102,0.005,53.8182,0.0005,4.8697,0.0022,91.23,0.06,53.8055,0.0018,4.8228,0.0092,84.14,1.06,35.5,65.4,154.0,89.6,-3.5,-4.4,0.23,000329_000351_003167,27.75,1,42,,
606,2020-08-13 02:18:32.730,2020-08-13 02:18:32.910,61.05,0.58,53.17,0.2,60.37,0.41,0.0,0.0,31.768,0.194,51.7895,0.0004,4.6803,0.0004,107.47,0.04,51.7646,0.0002,4.5999,0.0005,98.59,0.03,78.9,243.5,35.4,100.6,1.0,-0.6,0.78,003003_000388_000396,27.8,0,,,
607,2020-08-13 02:19:17.510,2020-08-13 02:19:17.660,47.91,0.49,57.94,0.3,60.43,0.25,0.0,0.0,44.087,0.089,51.2457,0.0002,6.3807,0.0003,105.36,0.02,51.2261,0.0003,6.3313,0.0005,96.97,0.04,73.3,237.6,26.3,99.7,1.8,0.3,0.67,000347_000384_000321,28.11,0,,,
608,2020-08-13 02:19:54.800,2020-08-13 02:19:55.020,50.52,0.13,57.08,0.08,59.97,0.08,0.0,0.0,15.169,0.273,51.8787,0.0002,4.9513,0.0002,109.67,0.01,51.8506,0.0001,4.8729,0.0002,97.8,0.02,88.5,239.9,28.1,101.0,-0.1,-2.0,0.73,000388_003003_000323_000396_000324_000399,31.19,0,,,
609,2020-08-13 02:20:09.420,2020-08-13 02:20:09.550,52.31,1.17,58.6,0.41,66.96,1.62,0.038,0.011,42.365,0.616,53.0774,0.0006,7.0739,0.0012,108.5,0.09,53.0599,0.0004,7.0257,0.0004,100.97,0.07,68.1,238.8,27.0,102.9,1.3,-0.4,0.74,000314_000353,78.0,0,,,
610,2020-08-13 02:20:20.920,2020-08-13 02:20:21.200,50.67,0.37,59.47,0.21,60.2,0.32,0.0,0.001,16.159,0.382,53.5912,0.0004,7.1345,0.0005,111.04,0.04,53.5566,0.0005,7.0414,0.0004,95.71,0.05,41.8,238.0,25.8,101.3,0.4,-1.9,0.64,000314_000353,54.6,0,,,
611,2020-08-13 02:20:39.940,2020-08-13 02:20:40.160,302.21,0.58,30.89,1.19,21.32,0.16,0.018,0.013,6.022,0.504,50.6732,0.0004,5.6952,0.0007,84.58,0.06,50.6732,0.0004,5.7437,0.0006,81.5,0.05,22.3,90.0,48.4,82.8,1.1,0.5,0.57,000395_003814,16.58,0,,,
612,2020-08-13 02:21:12.370,2020-08-13 02:21:13.000,50.72,0.0,60.0,0.0,59.62,0.0,0.0,0.0,26.204,0.0,52.2109,0.0,5.9419,0.0,122.4,0.0,52.1245,0.0,5.7461,0.0,89.54,0.0,89.9,234.3,27.1,97.7,-10.4,-11.1,0.75,003000_000822_000812_000816_000399_000323_000328,49.88,2,32,101.061,90.43
613,2020-08-13 02:21:49.720,2020-08-13 02:21:49.900,49.36,0.37,56.82,0.14,63.42,0.98,0.004,0.001,29.901,0.431,51.5389,0.0002,6.6366,0.0002,105.46,0.07,51.5181,0.0001,6.5773,0.0005,95.85,0.05,64.5,240.6,26.5,99.4,1.1,-0.8,0.63,003001_000347_000321,33.5,0,,,
614,2020-08-13 02:22:36.970,2020-08-13 02:22:37.370,46.61,0.06,56.28,0.03,58.27,0.07,0.0,0.0,40.191,0.001,53.9639,0.0002,5.1678,0.0002,108.84,0.02,53.9295,0.0001,5.0326,0.0002,87.56,0.04,37.6,246.6,24.8,100.4,-2.4,-3.7,0.4,000317_003167_000351_000318,32.84,1,26,89.498,88.711
615,2020-08-13 02:22:41.440,2020-08-13 02:22:41.840,49.03,0.04,58.12,0.02,60.52,0.01,0.0,0.0,29.895,0.001,53.0602,0.0001,6.1529,0.0001,113.41,0.0,53.0157,0.0001,6.0234,0.0001,92.19,0.01,86.2,240.3,25.6,97.0,-2.1,-3.7,0.77,000801_000353_000327_000318_000329_000311_000317_000317,65.44,0,,,
616,2020-08-13 02:22:55.280,2020-08-13 02:22:55.810,48.73,0.07,58.12,0.05,61.16,0.16,0.226,0.011,3.039,0.141,53.1248,0.0002,6.9962,0.0002,117.68,0.03,53.067,0.0002,6.8253,0.0002,88.98,0.02,66.2,240.6,25.0,96.8,-2.6,-5.0,0.73,000314_000353,77.9,1,13,92.707,90.599
617,2020-08-13 02:23:05.160,2020-08-13 02:23:05.800,46.61,0.02,59.78,0.02,62.54,0.02,0.0,0.0,28.468,0.001,51.694,0.0,3.641,0.0,117.33,0.01,51.6045,0.0005,3.4419,0.001,82.23,0.18,63.0,234.1,26.3,83.8,-3.4,-5.8,0.95,003003_003814_000389,23.03,1,52,101.913,91.021
618,2020-08-13 02:23:37.940,2020-08-13 02:23:38.140,48.1,0.0,57.71,0.0,58.1,0.0,0.0,0.0,79.448,0.0,50.5094,0.0,5.4268,0.0,107.63,0.0,50.4852,0.0001,5.3687,0.0003,97.68,0.05,74.0,236.9,26.7,101.4,-0.4,-1.6,0.63,003814_000395,19.2,0,,,
619,2020-08-13 02:23:48.660,2020-08-13 02:23:48.780,39.79,0.79,56.7,0.31,61.44,0.4,0.006,0.001,32.178,0.412,51.5077,0.0004,6.2898,0.0003,105.12,0.05,51.4967,0.0005,6.2568,0.0006,98.33,0.07,9.0,241.9,21.2,100.5,1.6,0.9,0.69,000328_003001,32.1,0,,,
620,2020-08-13 02:23:48.700,2020-08-13 02:23:48.870,49.81,0.41,57.27,0.15,60.72,0.14,13.304,0.025,0.036,0.022,51.4894,0.0003,6.2763,0.0005,107.83,0.03,51.4688,0.0002,6.2204,0.0005,98.71,0.05,40.6,239.4,26.7,101.3,2.0,0.1,0.71,000384_000320,32.4,0,,,
621,2020-08-13 02:24:04.470,2020-08-13 02:24:04.760,45.54,0.78,56.4,0.58,57.04,0.83,0.001,0.101,4.812,1.092,53.5908,0.0027,5.6322,0.0037,109.92,0.39,53.567,0.0023,5.5416,0.0024,94.84,0.23,50.4,246.1,23.9,98.2,-0.4,-2.6,0.78,000329_000351_003167_000318,43.78,0,,,
622,2020-08-13 02:24:20.950,2020-08-13 02:24:21.250,49.27,0.17,58.75,0.07,60.44,0.13,0.012,0.003,10.706,0.118,51.6114,0.0002,6.3329,0.0002,110.2,0.02,51.5731,0.0002,6.2403,0.0003,94.21,0.03,32.8,236.4,26.1,100.5,-0.4,-2.2,0.61,003001_000384_000320_000321,35.47,1,2,101.358,97.044
623,2020-08-13 02:24:26.120,2020-08-13 02:24:26.360,48.33,0.18,57.77,0.1,60.57,0.14,0.004,0.0,28.449,0.287,52.5499,0.0001,6.2061,0.0003,105.14,0.02,52.5233,0.0001,6.1293,0.0002,92.24,0.02,41.2,240.4,25.3,99.1,1.3,-0.2,0.47,003164_000822_003000,59.6,0,,,
624,2020-08-13 02:24:55.280,2020-08-13 02:24:55.560,50.86,0.35,57.76,0.09,59.84,0.57,0.0,0.002,18.083,0.755,52.207,0.0002,5.7661,0.0005,109.42,0.04,52.1729,0.0002,5.6724,0.0004,94.52,0.1,89.3,239.3,27.0,99.2,-3.1,-3.9,0.68,000328_003002_000822_000812_003000,44.44,0,,,
625,2020-08-13 02:24:55.440,2020-08-13 02:24:55.660,50.49,0.36,58.01,0.11,65.99,0.25,1.123,0.016,3.821,0.087,52.202,0.0003,5.7653,0.0003,105.85,0.03,52.1748,0.0001,5.6918,0.0006,93.98,0.05,55.1,238.9,26.7,98.1,0.3,-1.4,0.65,000399_000323,43.4,0,,,
626,2020-08-13 02:25:01.420,2020-08-13 02:25:01.620,50.38,0.35,54.97,0.21,63.89,0.26,0.076,0.003,15.783,0.133,52.8845,0.0002,6.1401,0.0004,104.67,0.05,52.8674,0.0002,6.0741,0.0003,94.9,0.04,44.3,246.9,26.7,100.6,-0.9,-1.9,0.42,000329_000822,64.44,0,,,
627,2020-08-13 02:25:26.910,2020-08-13 02:25:27.330,339.08,0.31,0.52,0.59,35.96,0.32,4.028,0.018,0.841,0.061,50.8371,0.0004,5.7123,0.0005,93.8,0.05,50.9207,0.0008,5.7924,0.0009,85.97,0.08,26.2,31.3,54.7,90.8,1.9,0.4,0.39,003814_000395,19.73,0,,,
628,2020-08-13 02:25:29.320,2020-08-13 02:25:29.510,47.72,0.11,60.71,0.05,60.48,0.05,0.02,0.0,18.434,0.009,52.2493,0.0,5.5437,0.0001,105.59,0.01,52.2251,0.0,5.4914,0.0001,95.88,0.01,89.8,233.0,25.1,99.7,1.1,-0.7,0.6,003000_000812_000323_000322_003002,41.44,0,,,
629,2020-08-13 02:25:29.300,2020-08-13 02:25:29.500,47.89,0.49,60.92,0.14,57.43,0.2,0.0,0.001,15.613,0.353,52.2504,0.0001,5.5626,0.0004,104.89,0.02,52.2241,0.0002,5.5067,0.0004,94.49,0.03,67.4,232.5,25.2,97.6,1.4,-0.6,0.7,003004_000399,41.5,0,,,
631,2020-08-13 02:25:46.140,2020-08-13 02:25:46.300,50.04,0.0,58.4,0.0,59.1,0.0,0.0,0.0,233.836,0.0,53.3523,0.0,6.9069,0.0,104.96,0.0,53.3347,0.0,6.8551,0.0,96.36,0.0,49.5,240.3,25.1,100.6,0.5,-1.3,0.5,000314_000353,64.7,0,,,
