aartfaac_cams_perseids2020.ecsv
# %ECSV 0.9
# ---
# datatype:
# - {name: Daily_number, datatype: int64, description: CAMS Reference index for the meteor from a nights collection of trajectories}
# - {name: Time_start, datatype: string, description: Time (UTC) of the begin point of the optical trajectory}
# - {name: Time_end, datatype: string, description: Time (UTC) of the end point of the optical trajectory}
# - {name: RAinf, unit: deg, datatype: float64, description: Right Ascention of radiant}
# - {name: RAinf +/-, datatype: float64}
# - {name: DECinf, unit: deg, datatype: float64, description: Declination of radiant}
# - {name: DECinf +/-, datatype: float64}
# - {name: Vinf, unit: km / s, datatype: float64, description: Entry speed}
# - {name: Vinf +/-, datatype: float64}
# - {name: Acc1, unit: km / s, datatype: float64, description: Acceleration parameter a1 (see Jenniskens et al.}
# - {name: Acc1 +/-, datatype: float64}
# - {name: Acc2, unit: 1 / s, datatype: float64, description: Acceleration parameter a2 (see Jenniskens et al.}
# - {name: Acc2 +/-, datatype: float64}
# - {name: LatBeg +N, unit: deg, datatype: float64, description: Geodetic latitude of the beginning point (+ to North)}
# - {name: LatBeg +N +/-, datatype: float64}
# - {name: LonBeg +E, unit: deg, datatype: float64, description: Geodetic longitude of the beginning point (+ to West!)}
# - {name: LonBeg +E +/-, datatype: float64}
# - {name: Hbeg, unit: km, datatype: float64, description: Altitude of the beginning point above WGS84 Earth ellipsoid}
# - {name: Hbeg +/-, datatype: float64}
# - {name: LatEnd +N, unit: deg, datatype: float64, description: Geodetic latitude of the end point (+ to North)}
# - {name: LatEnd +N +/-, datatype: float64}
# - {name: LonEnd +E, unit: deg, datatype: float64, description: Geodetic longitude of the end point (+ to West!)}
# - {name: LonEnd +E +/-, datatype: float64}
# - {name: Hend, unit: km, datatype: float64, description: Altitude of the end point above WGS84 Earth ellipsoid}
# - {name: Hend +/-, datatype: float64}
# - {name: Conv, unit: deg, datatype: float64, description: Highest convergence angle between planes}
# - {name: S-Azim +W, unit: deg, datatype: float64}
# - {name: ZenAng, unit: deg, datatype: float64, description: Zenith angle of radiant}
# - {name: Hmax, unit: km, datatype: float64, description: Altitude of peak brightness above WGS84 Earth ellipsoid}
# - {name: Max-mV, unit: mag, datatype: float64, description: Peak brightness in V-magnitudes (zero=3.67e-11 W/m^2/nm)}
# - {name: Int-mV, unit: mag, datatype: float64, description: Integrated brightness in magnitude (zero=3.67e-11 W/m^2/nm)}
# - {name: F-skew Hratio, datatype: float64, description: Skew factor of light curve (0=peak at beginning}
# - {name: Cameras Contributing, datatype: string, description: Contributing camera numbers}
# - {name: AARTFAAC_elevation, unit: deg, datatype: float16, description: Elevation of beginning point above AARTFAAC}
# - {name: AARTFAAC_classification, datatype: int64, description: AARTFAAC classification (0=no match}
# - {name: AARTFAAC_duration, unit: s, datatype: int64, description: Duration of AARTFAAC detection}
# - {name: Hbeg_radio, unit: km, datatype: float64, description: Altitude of the beginning of the AARTFAAC detection above WGS84 Earth
#     ellipsoid}
# - {name: Hend_radio, unit: km, datatype: float64, description: Altitude of the end of the AARTFAAC detection above WGS84 Earth ellipsoid}
# delimiter: ','
# schema: astropy-2.0
Daily_number,Time_start,Time_end,RAinf,RAinf +/-,DECinf,DECinf +/-,Vinf,Vinf +/-,Acc1,Acc1 +/-,Acc2,Acc2 +/-,LatBeg +N,LatBeg +N +/-,LonBeg +E,LonBeg +E +/-,Hbeg,Hbeg +/-,LatEnd +N,LatEnd +N +/-,LonEnd +E,LonEnd +E +/-,Hend,Hend +/-,Conv,S-Azim +W,ZenAng,Hmax,Max-mV,Int-mV,F-skew Hratio,Cameras Contributing,AARTFAAC_elevation,AARTFAAC_classification,AARTFAAC_duration,Hbeg_radio,Hend_radio
[from data line 434]
441,2020-08-13 00:59:36.560,2020-08-13 00:59:36.750,48.41,0.34,57.98,0.19,58.27,0.18,0.041,0.017,4.22,0.286,50.571,0.0004,5.7925,0.0002,106.64,0.04,50.5355,0.0003,5.7198,0.0004,98.06,0.04,56.1,232.5,37.6,104.9,0.5,-0.6,0.21,003814_000348_000809_000383,20.08,0,,,
442,2020-08-13 01:00:45.510,2020-08-13 01:00:45.750,344.5,0.14,24.88,0.42,48.11,0.25,4.309,0.034,0.534,0.058,52.5851,0.0005,5.8669,0.0006,97.73,0.07,52.631,0.0001,5.8631,0.0004,87.88,0.02,73.3,357.1,27.8,89.0,2.0,0.1,0.89,000376_003000_000822_003004,51.2,0,,,
443,2020-08-13 01:00:48.730,2020-08-13 01:00:49.150,49.59,0.09,59.49,0.05,80.12,0.13,7.46,0.012,3.281,0.024,50.5097,0.0002,5.6967,0.0003,109.87,0.02,50.4254,0.0001,5.5405,0.0004,90.76,0.02,77.6,229.7,37.7,95.6,-1.1,-1.8,0.75,003831_003814_000348_000395,20.02,0,,,
444,2020-08-13 01:01:00.840,2020-08-13 01:01:01.160,49.33,0.18,58.83,0.05,62.15,0.25,0.089,0.009,6.139,0.278,52.9981,0.0002,7.3342,0.0003,108.58,0.02,52.9404,0.0002,7.2025,0.0004,92.94,0.04,84.5,234.0,35.4,97.4,-0.2,-2.5,0.72,000354_000325_000326,73.06,0,,,
445,2020-08-13 01:01:47.160,2020-08-13 01:01:47.480,45.85,0.15,-3.46,0.15,71.97,0.22,0.0,0.016,1.1,0.334,51.6339,0.0002,2.1663,0.0008,109.42,0.04,51.7052,0.0002,1.8667,0.0011,104.81,0.05,29.2,290.8,78.6,105.7,1.5,-1.1,0.82,000888_003162,15.586,0,,,
446,2020-08-13 01:01:50.350,2020-08-13 01:01:50.480,50.2,0.46,55.8,0.32,57.72,0.24,0.0,0.0,33.767,0.347,50.9137,0.0001,3.3697,0.0003,107.17,0.03,50.8891,0.0001,3.3141,0.0005,101.39,0.04,39.5,235.0,40.0,105.4,2.1,0.6,0.31,000391_000394,16.48,1,2,103.262,100.047
447,2020-08-13 01:02:15.640,2020-08-13 01:02:15.980,45.97,0.37,53.76,0.82,69.22,0.76,0.935,0.039,3.197,0.171,51.2953,0.0002,7.4423,0.0006,111.36,0.04,51.2415,0.0015,7.2846,0.0046,93.89,0.21,4.6,241.4,36.2,96.8,-0.3,-2.6,0.84,000347_003161,30.06,2,12,103.218,89.025
448,2020-08-13 01:02:23.280,2020-08-13 01:02:23.460,50.56,0.0,57.92,0.0,58.48,0.0,0.0,0.0,147.156,0.0,50.6772,0.0,3.2519,0.0,107.18,0.0,50.6424,0.0,3.1829,0.0,99.51,0.0,32.1,231.6,39.5,105.4,2.1,0.2,0.23,000393_000394,15.19,1,2,105.835,99.319
449,2020-08-13 01:02:39.880,2020-08-13 01:02:40.120,48.85,0.26,58.24,0.12,59.38,0.14,0.487,0.032,0.84,0.288,50.8946,0.0003,5.3241,0.0004,107.19,0.03,50.8484,0.0004,5.2293,0.0003,95.99,0.02,83.3,232.4,37.4,101.6,-0.4,-1.2,0.5,003814_003005_000348,22.02,0,,,
450,2020-08-13 01:03:12.970,2020-08-13 01:03:13.170,47.41,0.17,60.8,0.06,57.56,0.03,0.0,0.0,64.165,0.005,51.7579,0.0001,6.0211,0.0001,107.17,0.01,51.7225,0.0002,5.9539,0.0002,98.33,0.03,72.5,229.7,35.0,101.2,-0.3,-1.4,0.68,000328_000812_003161_000372,36.34,0,,,
451,2020-08-13 01:03:33.100,2020-08-13 01:03:33.490,29.95,0.07,-9.21,0.65,66.54,0.18,1.917,0.009,0.709,0.086,53.0215,0.0006,5.6401,0.0004,106.21,0.08,53.1657,0.0017,5.3707,0.0009,99.08,0.19,13.3,311.6,73.9,101.6,0.4,-1.9,0.65,000376_000351,51.22,0,,,
452,2020-08-13 01:05:41.220,2020-08-13 01:05:41.550,45.95,0.06,57.02,0.03,60.35,0.02,0.0,0.0,50.532,0.0,52.3527,0.0,5.1101,0.0001,108.84,0.0,52.2972,0.0,4.9709,0.0001,92.53,0.01,74.0,236.9,35.2,101.0,-1.5,-3.0,0.48,003030_003814_000323_003004_000328_000322,38.12,1,4,98.528,92.534
453,2020-08-13 01:07:39.510,2020-08-13 01:07:39.730,44.77,0.29,58.24,0.19,60.29,0.22,0.0,0.0,57.118,0.056,53.0044,0.0001,6.7296,0.0004,108.68,0.03,52.9703,0.0005,6.6435,0.0012,97.76,0.16,54.1,236.7,32.8,100.7,1.5,-0.5,0.73,000311_000821,82.7,0,,,
454,2020-08-13 01:08:28.990,2020-08-13 01:08:29.250,47.15,0.32,63.87,0.35,55.24,0.23,1.993,0.052,0.902,0.144,51.8502,0.0002,7.1488,0.0013,104.78,0.07,51.8028,0.0002,7.0727,0.0009,93.19,0.04,25.1,224.8,33.1,96.4,0.1,-1.3,0.72,003161_000812_000372,40.34,1,6,100.325,94.152
455,2020-08-13 01:08:57.130,2020-08-13 01:08:57.450,49.26,0.0,60.17,0.0,59.08,0.0,0.0,0.0,72.295,0.0,51.4052,0.0,7.0779,0.0,108.41,0.0,51.3446,0.0,6.9604,0.0,93.08,0.0,64.4,230.5,35.1,103.2,0.0,-2.2,0.34,000347_000381_003161,31.75,1,2,97.36,91.099
456,2020-08-13 01:09:58.600,2020-08-13 01:09:58.860,46.86,0.03,57.92,0.01,60.35,0.01,0.0,0.0,66.851,0.0,50.6053,0.0,2.6683,0.0,107.96,0.0,50.5553,0.0001,2.5644,0.0001,95.55,0.02,62.6,232.9,37.1,99.3,0.3,-1.6,0.7,003037_000394_000393_000391_000393,13.7,1,2,102.516,93.28
457,2020-08-13 01:10:32.660,2020-08-13 01:10:33.060,47.5,0.19,58.08,0.11,61.08,0.1,1.187,0.014,1.981,0.142,52.6315,0.0002,7.1417,0.0003,112.25,0.02,52.5684,0.0004,6.9876,0.0014,93.18,0.12,58.1,236.0,33.9,96.9,0.9,-1.5,0.81,000802_000354,71.7,0,,,
458,2020-08-13 01:10:59.690,2020-08-13 01:10:59.910,47.7,0.24,57.6,0.42,66.58,0.6,0.341,0.012,6.168,0.241,53.1425,0.0009,5.7182,0.0003,109.57,0.12,53.1053,0.0007,5.6229,0.0003,98.3,0.1,18.3,237.0,34.5,103.2,-0.3,-2.5,0.56,000351_000327,52.8,0,,,
459,2020-08-13 01:11:13.520,2020-08-13 01:11:13.970,50.38,0.13,58.15,0.03,59.14,0.05,0.0,0.0,19.818,0.015,52.6944,0.0001,7.2546,0.0002,111.3,0.01,52.6184,0.0002,7.0747,0.0004,89.86,0.04,63.2,235.1,35.1,102.5,-0.2,-2.4,0.41,000802_000354_000326,71.9,0,,,
460,2020-08-13 01:11:37.420,2020-08-13 01:11:37.860,0.81,0.19,-13.09,0.2,31.51,0.36,1.189,0.01,2.363,0.106,50.1315,0.0002,4.5881,0.0003,85.97,0.02,50.2208,0.0009,4.5438,0.0004,81.02,0.09,8.5,342.3,64.9,85.9,0.6,-0.3,0.01,003814_000808,12.23,0,,,
461,2020-08-13 01:13:10.900,2020-08-13 01:13:11.040,51.97,0.39,60.62,0.2,60.04,0.2,6.949,0.041,0.574,0.047,52.5091,0.0002,6.3501,0.0007,107.17,0.05,52.4837,0.0002,6.2996,0.0007,100.79,0.06,62.2,230.4,35.4,102.6,1.3,-0.3,0.71,003164_000811,61.44,0,,,
462,2020-08-13 01:13:47.700,2020-08-13 01:13:47.940,43.8,0.77,55.94,0.29,62.29,0.36,0.504,0.018,0.504,0.12,50.1005,0.0007,5.5018,0.0004,108.88,0.09,50.0605,0.0005,5.4046,0.0003,96.59,0.06,19.0,237.4,34.3,100.7,0.3,-1.7,0.67,000380_000809,16.78,0,,,
463,2020-08-13 01:13:52.390,2020-08-13 01:13:52.630,48.17,0.24,58.5,0.25,58.93,0.28,0.0,0.0,45.827,0.189,51.7179,0.0003,4.051,0.0004,109.61,0.04,51.6749,0.0003,3.9576,0.0004,98.23,0.06,42.6,233.4,35.7,102.9,0.5,-1.4,0.59,003003_000389,23.88,1,2,107.048,105.835
464,2020-08-13 01:14:35.330,2020-08-13 01:14:35.630,47.0,0.1,58.96,0.11,61.3,0.14,0.085,0.004,9.777,0.116,52.9032,0.0002,4.3415,0.0004,109.03,0.03,52.8519,0.0002,4.2224,0.0003,94.22,0.03,18.4,234.5,34.1,98.9,-1.3,-3.3,0.68,000322_003166_000352,31.67,0,,,
465,2020-08-13 01:14:40.670,2020-08-13 01:14:40.920,48.93,0.12,57.81,0.05,62.33,0.07,0.049,0.001,12.983,0.126,51.1866,0.0001,4.9509,0.0001,108.34,0.02,51.1415,0.0,4.8519,0.0001,96.4,0.01,86.7,234.0,36.1,100.1,0.4,-0.5,0.69,003033_003814_003003_003005,23.69,0,,,
466,2020-08-13 01:14:42.150,2020-08-13 01:14:42.460,42.26,0.93,56.87,0.66,67.09,1.08,1.955,0.023,3.562,0.311,52.2192,0.0015,5.6366,0.002,109.86,0.17,52.1745,0.0011,5.5152,0.0009,94.08,0.12,8.6,239.0,32.0,98.0,1.9,0.1,0.75,000812_000816,43.2,0,,,
467,2020-08-13 01:14:43.370,2020-08-13 01:14:43.510,42.82,0.0,30.88,0.0,64.66,0.0,0.0,0.0,233.376,0.0,52.5741,0.0,4.1739,0.0,106.41,0.0,52.578,0.0,4.0781,0.0,100.22,0.0,14.0,273.8,46.9,105.5,2.0,0.7,0.15,000352_003166,28.73,0,,,
468,2020-08-13 01:14:47.120,2020-08-13 01:14:47.320,63.67,0.33,54.83,0.26,58.17,0.34,0.0,0.0,25.786,0.369,50.3702,0.0003,5.4759,0.0003,105.06,0.06,50.3263,0.0002,5.3853,0.0004,96.82,0.03,78.3,232.8,44.9,100.1,0.5,-0.9,0.6,003814_000809,17.86,0,,,
469,2020-08-13 01:15:25.770,2020-08-13 01:15:25.950,33.0,0.11,-7.59,0.26,63.74,0.16,0.292,0.016,1.282,0.256,51.3351,0.0001,5.8493,0.0002,110.13,0.03,51.3966,0.0002,5.7348,0.0004,106.48,0.04,83.8,310.6,71.2,109.0,1.3,0.2,0.31,000328_000384_000816_000371,29.12,0,,,
470,2020-08-13 01:15:29.290,2020-08-13 01:15:30.640,335.83,0.0,-18.71,0.0,31.99,0.0,4.821,0.001,0.328,0.0,51.0557,0.0,5.8492,0.0,92.89,0.0,51.3907,0.0,5.9523,0.0,79.32,0.0,82.4,11.0,70.8,84.2,0.3,-3.1,0.64,003814_000348_000806_000816_003005_000384_000371_000381,21.89,0,,,
471,2020-08-13 01:15:45.820,2020-08-13 01:15:46.110,48.02,0.12,57.53,0.04,60.08,0.04,0.061,0.009,0.003,0.032,50.2439,0.0001,4.1714,0.0001,106.84,0.01,50.1902,0.0001,4.0579,0.0002,93.02,0.02,69.6,233.6,36.5,99.1,-1.5,-2.9,0.56,003814_000808_000804_000807,15.21,1,4,102.209,89.458
472,2020-08-13 01:15:49.440,2020-08-13 01:15:49.850,46.72,0.13,59.89,0.09,58.96,0.15,0.0,0.034,1.792,0.857,52.5272,0.0001,7.1072,0.0002,109.57,0.02,52.4595,0.0002,6.9586,0.0008,89.4,0.06,75.8,233.2,32.4,92.4,-0.7,-3.2,0.85,000802_000354,66.8,0,,,
473,2020-08-13 01:16:15.240,2020-08-13 01:16:15.520,46.54,0.0,57.33,0.0,59.45,0.0,0.0,0.0,103.958,0.0,52.8068,0.0,7.59,0.0,109.46,0.0,52.7655,0.0,7.4792,0.0,95.46,0.0,85.0,238.4,32.5,102.3,-0.5,-2.7,0.51,000326_000802_000354,65.06,0,,,
474,2020-08-13 01:17:15.110,2020-08-13 01:17:15.250,49.88,0.77,58.98,0.46,68.25,1.05,0.024,0.003,31.757,0.544,50.6873,0.0005,5.602,0.0006,105.01,0.07,50.6592,0.0008,5.546,0.0008,97.91,0.11,75.1,231.7,35.8,99.6,1.4,0.6,0.76,003814_000395,20.42,0,,,
475,2020-08-13 01:18:35.320,2020-08-13 01:18:35.560,43.1,0.2,57.27,0.1,61.53,0.13,0.005,0.02,0.003,0.034,50.8943,0.0002,5.2193,0.0002,111.36,0.02,50.855,0.0002,5.1256,0.0002,98.82,0.03,83.3,236.4,32.7,107.0,-0.1,-1.3,0.34,003814_000348_000395_003005,22.53,0,,,
476,2020-08-13 01:19:04.350,2020-08-13 01:19:04.580,49.84,1.01,58.03,0.08,59.51,0.42,0.26,0.018,3.067,0.216,52.761,0.0002,7.3673,0.0002,110.43,0.02,52.7241,0.0004,7.2762,0.0003,99.18,0.14,83.5,236.3,33.8,105.1,1.0,-0.8,0.47,000326_000354_000802,70.8,0,,,
477,2020-08-13 01:20:09.710,2020-08-13 01:20:09.830,26.96,0.85,29.18,0.74,72.57,1.25,0.011,0.005,30.061,0.819,51.2804,0.0005,3.8455,0.0011,109.23,0.07,51.2958,0.0005,3.7776,0.0012,102.59,0.06,71.5,289.9,37.7,106.9,-0.8,-1.5,0.35,003814_003003,20.2,0,,,
478,2020-08-13 01:20:21.030,2020-08-13 01:20:21.330,46.0,0.08,58.84,0.04,59.88,0.03,0.0,0.0,33.664,0.0,51.5591,0.0,4.9508,0.0001,107.93,0.0,51.5096,0.0001,4.842,0.0004,93.49,0.04,83.6,233.8,33.4,99.2,-2.0,-3.3,0.6,003035_000813_000324_003003_000373_000328_003005,27.27,1,2,100.004,94.866
479,2020-08-13 01:20:21.350,2020-08-13 01:20:21.610,40.27,0.0,36.81,0.0,47.94,0.0,0.0,0.0,167.221,0.0,51.5433,0.0,4.9683,0.0,106.51,0.0,51.5435,0.0,4.8567,0.0,97.12,0.0,3.5,270.1,40.0,98.3,-1.1,-2.4,0.88,003814_000816,26.88,0,,,
480,2020-08-13 01:20:24.680,2020-08-13 01:20:25.100,49.85,0.28,59.45,0.31,62.38,0.45,0.001,0.0,20.713,0.311,51.5687,0.0002,3.0765,0.001,111.46,0.04,51.4866,0.0003,2.9112,0.0018,90.96,0.08,34.8,231.4,36.1,94.5,-1.2,-3.8,0.83,003814_000390_000888,18.92,1,36,97.844,92.119
481,2020-08-13 01:21:13.170,2020-08-13 01:21:13.590,276.12,1.23,60.52,0.16,26.4,0.22,2.369,0.014,0.912,0.107,52.5971,0.0005,7.2011,0.0002,93.26,0.06,52.5595,0.0002,7.2708,0.0002,85.36,0.04,74.3,131.5,39.0,89.4,2.9,0.4,0.49,000326_000802,65.44,1,2,89.962,87.697
482,2020-08-13 01:21:21.780,2020-08-13 01:21:22.050,45.87,0.41,60.31,0.3,58.51,0.32,0.009,0.008,9.139,0.293,53.8877,0.0004,5.0722,0.0003,106.3,0.03,53.8459,0.0009,4.9736,0.0004,92.99,0.06,20.1,234.3,31.4,100.2,-0.4,-2.7,0.46,000351_003167,32.44,0,,,
483,2020-08-13 01:22:40.640,2020-08-13 01:22:41.020,46.02,0.22,56.19,0.22,62.88,0.25,0.263,0.008,3.828,0.143,53.7782,0.0005,7.0679,0.0004,111.32,0.04,53.729,0.0008,6.9094,0.0003,91.8,0.06,32.6,242.3,31.6,93.9,-1.6,-3.7,0.89,000353_000317_000314,48.25,0,,,
484,2020-08-13 01:22:58.430,2020-08-13 01:22:58.990,47.49,0.0,58.01,0.0,60.51,0.0,0.0,0.0,41.256,0.0,50.51,0.0,3.0965,0.0,116.02,0.0,50.4078,0.0,2.8809,0.0,88.93,0.0,68.6,233.3,35.7,91.5,-3.8,-5.7,0.91,003037_000394_000391_000379_000393,15.42,1,44,99.486,86.185
485,2020-08-13 01:23:14.070,2020-08-13 01:23:14.660,20.44,0.03,-3.02,0.03,66.19,0.04,5.931,0.006,0.522,0.006,50.8787,0.0001,6.3773,0.0003,113.97,0.01,51.1069,0.0002,6.1063,0.0002,95.58,0.01,67.0,323.0,60.5,103.1,-2.9,-4.7,0.59,003814_000383_000321_000395_000371_000384,25.2,1,6,105.197,97.338
486,2020-08-13 01:23:21.390,2020-08-13 01:23:21.500,291.38,1.31,62.07,0.53,30.51,0.29,0.0,0.001,21.546,0.38,51.9776,0.0002,5.5432,0.0004,86.77,0.03,51.9674,0.0002,5.5621,0.0005,83.91,0.03,80.1,131.2,31.4,85.7,1.9,0.6,0.36,003003_000372,31.38,1,2,84.122,81.712
487,2020-08-13 01:25:00.460,2020-08-13 01:25:00.640,49.35,0.51,56.56,0.15,62.57,0.19,0.036,0.004,14.064,0.235,50.2353,0.0002,4.2575,0.0002,108.04,0.02,50.203,0.0003,4.1845,0.0002,99.25,0.03,70.8,235.4,36.2,102.3,2.1,0.3,0.66,003814_000808_000807,15.5,0,,,
488,2020-08-13 01:25:31.470,2020-08-13 01:25:31.840,47.76,0.18,60.18,0.11,71.96,0.21,9.713,0.023,0.988,0.014,53.685,0.0004,7.1372,0.0003,109.83,0.03,53.6245,0.0006,6.9941,0.0005,90.15,0.07,42.1,234.5,31.0,102.4,-1.3,-3.1,0.38,000325_000353_000314_000317,50.8,0,,,
489,2020-08-13 01:25:34.910,2020-08-13 01:25:35.290,48.19,0.0,59.32,0.0,59.9,0.0,0.0,0.0,88.455,0.0,50.3106,0.0,2.9366,0.0,107.96,0.0,50.237,0.0,2.7949,0.0,89.41,0.0,33.9,230.9,35.5,95.3,-0.4,-2.8,0.68,000393_000394_000379_000391,13.27,1,8,103.276,85.984
490,2020-08-13 01:25:42.780,2020-08-13 01:25:43.030,49.47,0.21,57.78,0.05,59.58,0.03,0.0,0.0,57.559,0.016,50.3849,0.0001,3.5244,0.0001,105.57,0.01,50.3407,0.0002,3.4312,0.0003,94.08,0.02,53.5,233.4,36.1,98.9,0.5,-0.4,0.58,003814_000807_000379,14.38,1,2,100.394,91.667
491,2020-08-13 01:25:45.930,2020-08-13 01:25:46.350,46.76,0.54,58.72,0.36,66.69,4.18,0.11,0.061,10.262,1.169,52.1026,0.0014,5.9185,0.0025,111.17,0.35,52.0376,0.003,5.7674,0.0089,90.85,1.02,84.6,235.1,32.3,93.9,-6.4,-7.8,0.85,000399_000822_000816_000323_003161_003814_000812_000328_003002,44.25,2,12,103.133,91.423
492,2020-08-13 01:25:46.180,2020-08-13 01:25:46.740,46.88,0.0,57.29,0.0,61.05,0.0,0.0,0.0,58.561,0.0,51.952,0.0,6.6862,0.0,112.99,0.0,51.8705,0.0,6.4784,0.0,85.89,0.0,82.0,237.6,32.5,90.8,-4.8,-6.2,0.82,003814_000384_000812_003001_003161_000372,45.56,3,60,105.476,86.801
493,2020-08-13 01:25:47.120,2020-08-13 01:25:47.350,45.96,0.46,59.13,0.25,61.94,0.22,0.005,0.001,17.724,0.222,51.0253,0.0001,2.8175,0.0008,106.45,0.03,50.9837,0.0001,2.7315,0.0005,94.99,0.04,32.6,232.5,34.0,98.4,0.8,-1.2,0.71,000390_000394_000391,15.266,0,,,
494,2020-08-13 01:25:47.690,2020-08-13 01:25:48.000,47.43,0.51,58.14,0.18,46.82,0.22,0.116,0.007,11.254,0.114,50.4645,0.0003,4.716,0.0003,82.0,0.04,50.4246,0.0003,4.631,0.0003,70.89,0.04,75.0,233.7,34.3,72.1,-0.5,-1.5,0.89,003814_000808,13.3,0,,,
495,2020-08-13 01:25:48.190,2020-08-13 01:25:48.670,48.23,0.01,58.65,0.0,63.37,0.0,2.529,0.0,1.179,0.003,51.3895,0.0,4.8394,0.0,111.38,0.0,51.3054,0.0,4.6561,0.0,87.54,0.01,89.2,233.7,34.1,92.3,-3.4,-5.2,0.8,003033_003814_000813_000373_000816_000324_003005_003003_003165,25.72,2,38,101.015,89.621
496,2020-08-13 01:25:53.510,2020-08-13 01:25:53.750,50.85,0.24,58.15,0.07,60.09,0.13,0.0,0.0,29.034,0.285,50.2437,0.0001,4.0566,0.0001,109.2,0.02,50.1975,0.0002,3.9628,0.0003,97.62,0.03,64.2,232.5,36.5,100.4,0.8,-0.4,0.76,000808_003814_000807,15.336,0,,,
497,2020-08-13 01:25:59.870,2020-08-13 01:26:00.230,102.58,0.86,52.72,0.07,52.4,0.11,0.009,0.009,4.203,0.46,50.138,0.0005,6.3073,0.0007,103.26,0.07,50.0227,0.0007,6.1626,0.0009,94.61,0.08,11.1,218.9,62.8,100.5,0.8,-0.4,0.32,003831_000380,16.8,1,4,104.718,101.6
498,2020-08-13 01:26:08.260,2020-08-13 01:26:08.480,48.15,0.92,57.32,0.37,58.82,0.49,0.002,0.001,19.096,0.331,50.1166,0.0006,5.5997,0.0004,107.96,0.08,50.0793,0.0005,5.5177,0.0006,97.36,0.08,19.0,234.7,34.6,102.6,-0.6,-1.5,0.5,003831_000380,16.84,0,,,
499,2020-08-13 01:27:10.050,2020-08-13 01:27:10.270,48.52,0.61,58.3,0.24,60.33,0.22,0.0,0.0,50.236,0.404,50.0124,0.0004,5.4406,0.0002,109.1,0.04,49.9732,0.0003,5.3602,0.0003,98.43,0.05,18.0,232.9,34.6,102.2,0.6,-1.4,0.65,000809_000380,16.23,0,,,
500,2020-08-13 01:28:10.230,2020-08-13 01:28:10.510,50.7,0.11,57.54,0.07,61.79,0.14,0.02,0.003,12.258,0.552,53.0817,0.0001,6.3061,0.0002,109.89,0.02,53.0379,0.0002,6.1913,0.0004,95.92,0.05,75.2,237.6,33.6,101.7,0.0,-2.0,0.58,000810_003164_000353,68.7,0,,,
501,2020-08-13 01:28:58.120,2020-08-13 01:28:58.510,37.01,0.06,44.44,0.05,69.3,0.11,3.702,0.03,1.006,0.041,51.4675,0.0001,7.3375,0.0003,112.78,0.02,51.4572,0.0001,7.1527,0.0008,90.81,0.04,80.9,264.8,30.8,98.6,-1.3,-2.9,0.65,000381_000347_003161_000812_003814,33.5,2,10,101.732,88.955
