aartfaac_cams_perseids2020.ecsv
# %ECSV 0.9
# ---
# datatype:
# - {name: Daily_number, datatype: int64, description: CAMS Reference index for the meteor from a nights collection of trajectories}
# - {name: Time_start, datatype: string, description: Time (UTC) of the begin point of the optical trajectory}
# - {name: Time_end, datatype: string, description: Time (UTC) of the end point of the optical trajectory}
# - {name: RAinf, unit: deg, datatype: float64, description: Right Ascention of radiant}
# - {name: RAinf +/-, datatype: float64}
# - {name: DECinf, unit: deg, datatype: float64, description: Declination of radiant}
# - {name: DECinf +/-, datatype: float64}
# - {name: Vinf, unit: km / s, datatype: float64, description: Entry speed}
# - {name: Vinf +/-, datatype: float64}
# - {name: Acc1, unit: km / s, datatype: float64, description: Acceleration parameter a1 (see Jenniskens et al.}
# - {name: Acc1 +/-, datatype: float64}
# - {name: Acc2, unit: 1 / s, datatype: float64, description: Acceleration parameter a2 (see Jenniskens et al.}
# - {name: Acc2 +/-, datatype: float64}
# - {name: LatBeg +N, unit: deg, datatype: float64, description: Geodetic latitude of the beginning point (+ to North)}
# - {name: LatBeg +N +/-, datatype: float64}
# - {name: LonBeg +E, unit: deg, datatype: float64, description: Geodetic longitude of the beginning point (+ to West!)}
# - {name: LonBeg +E +/-, datatype: float64}
# - {name: Hbeg, unit: km, datatype: float64, description: Altitude of the beginning point above WGS84 Earth ellipsoid}
# - {name: Hbeg +/-, datatype: float64}
# - {name: LatEnd +N, unit: deg, datatype: float64, description: Geodetic latitude of the end point (+ to North)}
# - {name: LatEnd +N +/-, datatype: float64}
# - {name: LonEnd +E, unit: deg, datatype: float64, description: Geodetic longitude of the end point (+ to West!)}
# - {name: LonEnd +E +/-, datatype: float64}
# - {name: Hend, unit: km, datatype: float64, description: Altitude of the end point above WGS84 Earth ellipsoid}
# - {name: Hend +/-, datatype: float64}
# - {name: Conv, unit: deg, datatype: float64, description: Highest convergence angle between planes}
# - {name: S-Azim +W, unit: deg, datatype: float64}
# - {name: ZenAng, unit: deg, datatype: float64, description: Zenith angle of radiant}
# - {name: Hmax, unit: km, datatype: float64, description: Altitude of peak brightness above WGS84 Earth ellipsoid}
# - {name: Max-mV, unit: mag, datatype: float64, description: Peak brightness in V-magnitudes (zero=3.67e-11 W/m^2/nm)}
# - {name: Int-mV, unit: mag, datatype: float64, description: Integrated brightness in magnitude (zero=3.67e-11 W/m^2/nm)}
# - {name: F-skew Hratio, datatype: float64, description: Skew factor of light curve (0=peak at beginning}
# - {name: Cameras Contributing, datatype: string, description: Contributing camera numbers}
# - {name: AARTFAAC_elevation, unit: deg, datatype: float16, description: Elevation of beginning point above AARTFAAC}
# - {name: AARTFAAC_classification, datatype: int64, description: AARTFAAC classification (0=no match}
# - {name: AARTFAAC_duration, unit: s, datatype: int64, description: Duration of AARTFAAC detection}
# - {name: Hbeg_radio, unit: km, datatype: float64, description: Altitude of the beginning of the AARTFAAC detection above WGS84 Earth
#     ellipsoid}
# - {name: Hend_radio, unit: km, datatype: float64, description: Altitude of the end of the AARTFAAC detection above WGS84 Earth ellipsoid}
# delimiter: ','
# schema: astropy-2.0
Daily_number,Time_start,Time_end,RAinf,RAinf +/-,DECinf,DECinf +/-,Vinf,Vinf +/-,Acc1,Acc1 +/-,Acc2,Acc2 +/-,LatBeg +N,LatBeg +N +/-,LonBeg +E,LonBeg +E +/-,Hbeg,Hbeg +/-,LatEnd +N,LatEnd +N +/-,LonEnd +E,LonEnd +E +/-,Hend,Hend +/-,Conv,S-Azim +W,ZenAng,Hmax,Max-mV,Int-mV,F-skew Hratio,Cameras Contributing,AARTFAAC_elevation,AARTFAAC_classification,AARTFAAC_duration,Hbeg_radio,Hend_radio
[from data line 620]
633,2020-08-13 02:26:36.370,2020-08-13 02:26:36.540,54.35,0.91,63.45,0.35,66.31,0.92,0.078,0.016,13.792,0.444,53.3897,0.0005,7.8028,0.0005,105.94,0.06,53.3629,0.0014,7.7521,0.0012,96.67,0.13,10.5,228.5,26.3,101.3,1.1,-0.6,0.5,000314_000325,51.75,0,,,
634,2020-08-13 02:26:49.510,2020-08-13 02:26:50.430,39.87,0.03,-19.37,0.04,61.13,0.02,5.87,0.01,0.001,0.007,51.7444,0.0001,6.2177,0.0002,114.82,0.02,52.1451,0.0002,5.7835,0.0003,102.85,0.03,33.4,326.0,77.9,109.4,0.8,-0.8,0.45,003001_000320_000812_000328,38.97,0,,,
635,2020-08-13 02:26:54.240,2020-08-13 02:26:54.620,45.3,0.34,57.97,0.16,60.04,0.18,0.025,0.005,8.179,0.391,52.322,0.0001,7.795,0.0003,111.05,0.02,52.2844,0.0002,7.6883,0.0014,90.53,0.08,87.9,240.0,22.6,92.5,-1.4,-3.7,0.9,000802_003814_000354,50.0,2,34,94.889,92.307
636,2020-08-13 02:27:02.030,2020-08-13 02:27:02.220,47.42,0.25,55.97,0.17,80.34,0.31,3.624,0.011,3.74,0.048,50.9978,0.0002,4.8408,0.0003,104.75,0.03,50.976,0.0001,4.7765,0.0002,94.13,0.03,83.7,241.7,26.1,97.8,-0.8,-2.2,0.66,003033_003814_003165_000324,21.03,0,,,
637,2020-08-13 02:27:17.160,2020-08-13 02:27:17.360,13.52,0.41,66.34,0.11,50.41,0.3,0.0,0.0,43.077,0.091,52.643,0.0001,7.2679,0.0003,91.64,0.02,52.6222,0.0003,7.2605,0.0004,82.17,0.07,26.6,192.2,14.2,84.9,1.4,-0.3,0.71,000354_000326,65.8,0,,,
638,2020-08-13 02:28:03.670,2020-08-13 02:28:04.090,49.4,0.04,55.58,0.03,61.83,0.03,0.0,0.0,28.795,0.019,52.0341,0.0001,5.6613,0.0002,113.62,0.01,51.9913,0.0001,5.5173,0.0002,91.0,0.03,87.9,244.3,26.3,95.3,-6.0,-7.4,0.81,003035_000812_000382_003003_000399_000323_000328_003002,40.78,2,12,99.935,90.716
639,2020-08-13 02:28:07.030,2020-08-13 02:28:07.440,49.88,0.0,58.3,0.0,59.92,0.0,0.0,0.0,113.711,0.0,51.6681,0.0,6.2335,0.0,113.26,0.0,51.617,0.0,6.1045,0.0,91.19,0.0,78.0,237.5,26.0,97.2,-2.3,-4.2,0.73,003001_000384_000320_000812,37.0,2,26,101.45,93.41
640,2020-08-13 02:29:18.260,2020-08-13 02:29:18.520,48.59,0.15,58.17,0.14,58.74,0.27,0.001,0.0,25.562,0.268,51.9487,0.0002,3.838,0.0002,105.48,0.04,51.9172,0.0003,3.7559,0.0004,91.8,0.1,9.3,238.2,26.3,95.9,1.4,-0.8,0.7,003032_000389,23.17,0,,,
641,2020-08-13 02:29:23.700,2020-08-13 02:29:23.920,22.0,0.26,5.76,0.24,62.89,1.66,0.002,0.003,19.537,0.648,52.474,0.0007,6.3093,0.0006,98.77,0.11,52.5585,0.0003,6.2535,0.0004,89.73,0.04,43.1,338.0,48.7,92.1,0.2,-1.6,0.74,003000_000822,57.38,1,8,91.616,91.007
642,2020-08-13 02:29:25.140,2020-08-13 02:29:25.420,37.62,0.52,55.88,0.11,60.36,0.3,0.094,0.015,6.599,0.584,51.4124,0.0001,1.933,0.0004,110.75,0.03,51.3886,0.0002,1.8558,0.0009,95.52,0.1,43.1,243.8,21.8,101.9,-0.9,-2.7,0.58,003036_003814,14.55,0,,,
643,2020-08-13 02:29:41.910,2020-08-13 02:29:42.250,42.57,0.15,59.31,0.04,60.77,0.04,0.0,0.0,29.382,0.286,51.6344,0.0001,2.4029,0.0001,109.46,0.01,51.5931,0.0001,2.3072,0.0003,91.01,0.03,37.2,235.2,24.0,94.4,-2.8,-4.4,0.82,003036_000390_003162,16.36,1,52,104.887,89.649
644,2020-08-13 02:29:49.340,2020-08-13 02:29:49.640,46.14,0.0,60.12,0.0,62.3,0.0,0.0,0.0,147.44,0.0,53.5266,0.0,3.7881,0.0,117.35,0.0,53.491,0.0,3.697,0.0,100.79,0.0,8.7,236.7,24.0,101.4,-3.6,-5.1,0.96,000329_000352,27.23,2,50,102.155,99.882
645,2020-08-13 02:29:50.150,2020-08-13 02:29:50.510,51.02,0.0,61.36,0.0,58.4,0.0,0.0,0.0,71.252,0.0,51.6627,0.0,3.4759,0.0,109.19,0.0,51.6088,0.0,3.3707,0.0,90.82,0.0,60.6,230.5,27.6,96.6,-2.6,-4.3,0.69,003003_003814,20.61,1,52,102.369,90.543
646,2020-08-13 02:30:07.140,2020-08-13 02:30:07.260,48.62,0.46,60.46,0.35,63.74,0.74,0.0,0.0,68.328,0.118,53.1435,0.0004,6.6883,0.0004,106.77,0.05,53.1281,0.0004,6.6516,0.0006,99.9,0.08,67.9,235.2,23.9,103.3,1.5,-0.1,0.51,000353_000317,75.0,0,,,
647,2020-08-13 02:30:33.600,2020-08-13 02:30:33.960,48.21,0.0,57.89,0.0,60.35,0.0,0.0,0.0,45.901,0.0,52.1415,0.0,5.2573,0.0,110.14,0.0,52.1005,0.0,5.1444,0.0001,90.65,0.01,85.9,239.4,25.1,95.7,-2.0,-4.2,0.74,003035_003004_000382_000813_000323_000396_000399_000396_003030,37.47,2,14,99.816,90.742
648,2020-08-13 02:30:59.060,2020-08-13 02:30:59.180,46.4,0.42,55.92,0.39,55.09,0.43,0.0,0.0,71.466,0.079,53.318,0.0002,7.3784,0.0003,106.02,0.02,53.3091,0.0005,7.3426,0.0004,99.71,0.05,51.4,247.5,22.6,101.9,1.1,-0.2,0.65,000353_000314,61.6,0,,,
649,2020-08-13 02:32:15.600,2020-08-13 02:32:15.860,47.12,0.0,57.76,0.01,59.67,0.01,0.003,0.0,18.975,0.0,52.3535,0.0,5.5049,0.0,107.16,0.0,52.3262,0.0,5.4264,0.0,93.14,0.01,78.4,240.4,24.1,97.7,-1.3,-2.3,0.68,000328_003004_000399_003000_000322,43.1,0,,,
650,2020-08-13 02:32:31.320,2020-08-13 02:32:31.470,51.51,0.54,60.69,0.32,60.37,0.39,0.0,0.0,51.045,0.461,51.9764,0.0003,4.8498,0.0004,105.13,0.03,51.9557,0.0002,4.806,0.0004,97.44,0.03,84.8,232.5,26.6,98.4,2.0,0.3,0.88,000323_000388,30.36,0,,,
651,2020-08-13 02:33:55.510,2020-08-13 02:33:55.770,50.38,0.13,56.56,0.1,58.23,0.17,0.003,0.0,17.565,0.244,52.902,0.0002,6.2895,0.0002,108.04,0.03,52.8776,0.0001,6.2069,0.0002,94.59,0.03,47.8,244.0,25.1,99.5,-1.3,-2.8,0.64,000311_000822,69.8,0,,,
652,2020-08-13 02:33:55.580,2020-08-13 02:33:55.860,49.01,0.19,58.77,0.23,64.8,0.34,1.203,0.012,3.095,0.071,52.8979,0.0003,6.2952,0.0002,107.36,0.04,52.8673,0.0003,6.2111,0.0003,92.31,0.04,78.7,238.9,24.1,97.5,-0.7,-2.6,0.65,000327_000399,69.8,0,,,
653,2020-08-13 02:34:06.180,2020-08-13 02:34:06.340,47.98,0.51,57.62,0.22,59.96,0.23,0.0,0.0,50.46,0.283,51.7237,0.0002,5.8951,0.0003,105.42,0.02,51.7065,0.0002,5.8481,0.0004,96.96,0.04,60.7,239.6,24.4,98.7,-1.6,-2.6,0.79,000328_000812,34.5,0,,,
654,2020-08-13 02:34:28.670,2020-08-13 02:34:28.810,24.28,0.13,40.71,0.19,63.96,0.32,0.048,0.006,16.133,0.012,52.901,0.0001,6.4006,0.0002,107.96,0.03,52.9155,0.0001,6.3713,0.0001,99.43,0.02,72.0,309.3,16.9,102.0,0.5,-0.9,0.7,000353_000311_000327_000821,73.44,0,,,
655,2020-08-13 02:36:25.790,2020-08-13 02:36:25.920,47.46,0.0,57.53,0.0,60.74,0.0,0.0,0.0,168.1,0.0,51.474,0.0,4.6631,0.0,104.07,0.0,51.4598,0.0,4.6248,0.0,97.19,0.0,75.8,239.3,24.6,98.0,2.0,0.4,0.88,003035_000373_000324,24.12,0,,,
656,2020-08-13 02:36:50.940,2020-08-13 02:36:51.240,51.35,0.29,52.19,0.57,38.42,0.27,0.935,0.022,0.0,0.221,53.2118,0.0006,5.1323,0.0007,69.93,0.07,53.1989,0.0005,5.0589,0.0008,59.74,0.03,20.5,253.7,26.9,61.2,1.1,-0.5,0.86,000318_000351,29.33,0,,,
657,2020-08-13 02:37:13.820,2020-08-13 02:37:14.040,48.2,0.31,57.48,0.14,63.09,0.12,0.191,0.007,11.254,0.283,51.6435,0.0003,6.3329,0.0002,107.31,0.03,51.62,0.0001,6.2677,0.0001,95.33,0.02,63.8,239.8,23.9,97.7,-1.3,-2.3,0.8,003001_000812_000320_000328,35.38,0,,,
658,2020-08-13 02:37:46.650,2020-08-13 02:37:46.780,50.23,0.5,57.98,0.25,62.21,0.52,0.011,0.002,28.783,0.342,51.7306,0.0002,4.8052,0.0004,105.0,0.03,51.7152,0.0002,4.7646,0.0005,98.03,0.06,51.3,238.5,25.6,101.1,2.7,1.4,0.56,003035_000388,27.5,0,,,
659,2020-08-13 02:38:10.240,2020-08-13 02:38:10.700,106.99,0.0,53.17,0.0,47.45,0.0,0.0,0.0,41.05,0.0,53.2528,0.0,6.7302,0.0,108.28,0.0,53.1472,0.0,6.5419,0.0,95.63,0.0,2.4,226.9,54.2,98.3,0.0,-2.5,0.79,000314_000327,70.0,1,6,98.644,97.837
660,2020-08-13 02:38:30.990,2020-08-13 02:38:31.210,38.61,0.32,54.05,0.06,60.18,0.06,0.0,0.0,11.853,0.276,52.007,0.0001,5.1827,0.0003,111.08,0.01,51.9947,0.0001,5.1239,0.0004,98.57,0.03,67.5,251.2,19.1,106.5,1.1,-0.9,0.36,000399_000323_000396_000324,35.1,0,,,
661,2020-08-13 02:39:10.770,2020-08-13 02:39:11.130,47.55,0.39,59.18,0.16,61.24,0.12,1.871,0.015,0.676,0.072,52.3138,0.0001,2.5,0.0009,112.33,0.04,52.2699,0.0002,2.3908,0.0005,92.79,0.03,27.3,236.7,24.9,99.3,-0.0,-1.9,0.67,003162_000888,18.78,2,26,102.141,89.599
662,2020-08-13 02:39:21.730,2020-08-13 02:39:22.000,48.28,0.16,57.34,0.15,60.11,0.19,0.0,0.005,8.257,0.081,53.4467,0.0002,6.4658,0.0003,109.09,0.04,53.4224,0.0004,6.3826,0.0003,94.16,0.04,38.6,243.9,22.7,100.1,-0.5,-2.7,0.6,000353_000317_000327,58.7,0,,,
663,2020-08-13 02:40:48.160,2020-08-13 02:40:48.400,49.19,0.23,58.98,0.11,61.14,0.19,0.087,0.01,10.532,0.504,51.6304,0.0002,5.0897,0.0003,106.25,0.03,51.6011,0.0001,5.0197,0.0004,93.24,0.03,52.4,236.0,24.5,97.3,-0.9,-2.0,0.69,003035_000324_000328,28.47,0,,,
664,2020-08-13 02:41:27.290,2020-08-13 02:41:27.410,51.78,0.7,59.21,0.19,57.31,0.25,0.0,0.0,40.552,0.123,50.4065,0.0002,4.0009,0.0002,102.85,0.04,50.39,0.0003,3.9661,0.0003,96.72,0.06,22.1,233.4,27.0,98.4,1.7,0.5,0.73,000807_000379,15.05,0,,,
665,2020-08-13 02:42:06.820,2020-08-13 02:42:06.980,45.99,0.88,59.62,0.39,57.28,0.5,0.0,0.001,25.478,0.224,52.9211,0.0003,5.1658,0.0008,104.63,0.04,52.9049,0.0002,5.1245,0.0008,96.29,0.06,30.6,237.0,22.0,100.5,-0.8,-1.7,0.5,000329_000801,41.62,0,,,
666,2020-08-13 02:42:21.380,2020-08-13 02:42:21.580,49.53,0.43,59.61,0.24,59.91,0.21,5.629,0.019,0.171,0.041,51.6319,0.0003,6.2274,0.0003,105.07,0.03,51.6074,0.0003,6.1721,0.0003,94.31,0.03,27.0,234.5,23.9,99.6,2.0,0.1,0.5,000384_003001_000320,34.22,0,,,
667,2020-08-13 02:43:37.780,2020-08-13 02:43:37.920,48.75,0.69,62.23,0.48,60.87,0.37,0.0,0.0,27.77,0.143,52.8174,0.0003,3.9452,0.0007,104.74,0.05,52.7979,0.0003,3.9065,0.0006,96.95,0.04,15.1,230.2,23.9,100.4,0.8,-1.0,0.56,000352_003166,26.89,0,,,
668,2020-08-13 02:43:53.910,2020-08-13 02:43:54.110,49.0,0.28,61.11,0.13,59.07,0.16,0.003,0.0,20.735,0.287,51.7941,0.0002,5.6598,0.0003,106.09,0.02,51.7679,0.0001,5.6075,0.0002,95.38,0.03,64.0,231.1,23.7,97.6,0.5,-1.4,0.79,000320_000812,34.47,0,,,
669,2020-08-13 02:44:29.040,2020-08-13 02:44:29.180,47.75,0.73,59.01,0.3,63.76,0.58,0.129,0.013,11.952,0.667,51.5593,0.0002,2.1003,0.0007,103.15,0.03,51.5418,0.0001,2.059,0.0008,95.56,0.04,34.4,235.9,24.9,98.8,0.8,-1.2,0.58,000390_003162,14.3,0,,,
670,2020-08-13 02:44:32.850,2020-08-13 02:44:32.980,34.11,0.75,12.17,2.22,38.25,0.49,0.013,0.011,8.891,0.307,53.4326,0.0013,7.2299,0.0006,104.4,0.13,53.4584,0.0016,7.2013,0.0005,100.95,0.12,4.5,326.4,45.4,102.0,2.4,1.1,0.7,000314_000325,58.66,0,,,
671,2020-08-13 02:44:35.920,2020-08-13 02:44:36.410,48.26,0.11,57.57,0.04,60.56,0.09,0.004,0.002,7.332,0.379,50.7369,0.0002,4.1274,0.0002,110.32,0.02,50.6784,0.0001,3.981,0.0003,83.2,0.04,52.5,237.8,24.6,85.4,-2.6,-4.6,0.92,003003_003165_000379,18.2,2,44,100.479,86.084
672,2020-08-13 02:44:54.120,2020-08-13 02:44:54.360,48.66,0.39,58.0,0.11,60.04,0.25,0.0,0.001,17.35,0.496,51.8662,0.0002,5.967,0.0004,108.87,0.03,51.8404,0.0002,5.8976,0.0003,95.62,0.03,70.7,239.0,23.2,99.0,1.1,-0.9,0.75,000320_000812,38.7,0,,,
673,2020-08-13 02:45:07.290,2020-08-13 02:45:07.650,47.74,0.08,58.08,0.08,59.49,0.09,0.0,0.0,11.108,0.194,53.3327,0.0002,6.9568,0.0001,112.82,0.02,53.3006,0.0002,6.8555,0.0001,93.0,0.02,50.1,242.0,21.4,100.9,-1.7,-3.8,0.6,000314_000325_000353_000317,67.06,0,,,
675,2020-08-13 02:46:28.060,2020-08-13 02:46:28.350,30.48,0.0,23.06,0.0,68.66,0.0,0.0,0.0,105.739,0.0,50.6252,0.0,3.7393,0.0,100.06,0.0,50.6957,0.0,3.6404,0.0,83.62,0.0,75.9,318.2,33.0,86.5,-2.2,-3.1,0.82,003034_000394_000379_000391_000807,15.05,1,2,92.095,89.484
676,2020-08-13 02:47:27.510,2020-08-13 02:47:27.650,343.43,1.22,53.46,1.17,39.81,0.59,0.353,0.019,0.205,0.165,51.1568,0.0006,4.6831,0.0002,97.51,0.05,51.1527,0.0005,4.703,0.0003,92.14,0.05,61.5,108.4,15.5,93.9,2.0,0.5,0.66,003005_003165,20.31,,,,
677,2020-08-13 02:48:21.980,2020-08-13 02:48:22.320,48.89,0.31,58.3,0.05,62.41,0.12,0.882,0.003,2.52,0.086,50.4058,0.0002,2.7026,0.0003,109.0,0.02,50.3622,0.0001,2.6035,0.0003,90.64,0.03,63.7,235.5,25.4,96.0,-0.8,-3.1,0.71,003037_000393_000394_000391,13.266,1,10,103.578,90.636
678,2020-08-13 02:48:48.940,2020-08-13 02:48:49.210,50.5,0.36,57.86,0.35,61.24,0.52,0.006,0.002,16.84,0.502,53.815,0.0006,6.7167,0.0003,109.06,0.05,53.7907,0.0007,6.6345,0.0004,94.05,0.05,32.6,243.4,22.3,100.0,-1.5,-3.1,0.6,000314_000353,46.6,1,2,100.085,98.945
679,2020-08-13 02:49:01.580,2020-08-13 02:49:01.800,51.37,0.0,57.99,0.0,60.27,0.0,0.0,0.0,86.324,0.0,50.7455,0.0,3.171,0.0,105.85,0.0,50.7173,0.0,3.1034,0.0,94.01,0.0,29.4,236.7,26.1,99.4,1.0,-1.2,0.54,000394_000379,15.06,1,8,103.128,91.311
680,2020-08-13 02:49:15.320,2020-08-13 02:49:15.570,49.18,0.0,58.36,0.0,59.44,0.0,0.0,0.0,79.938,0.0,51.8969,0.0,5.9175,0.0,106.8,0.0,51.8712,0.0001,5.8507,0.0003,93.75,0.05,78.3,238.2,22.9,97.7,-0.7,-1.7,0.69,000328_000812_003002,38.47,0,,,
681,2020-08-13 02:49:15.300,2020-08-13 02:49:15.600,48.2,0.0,56.18,0.0,58.68,0.0,0.0,0.0,137.665,0.0,51.9099,0.0,5.9646,0.0,108.82,0.0,51.884,0.0,5.8786,0.0,92.59,0.0,49.1,243.9,22.4,100.1,0.3,-1.6,0.54,000320_000382_000399,39.62,0,,,
682,2020-08-13 02:49:55.490,2020-08-13 02:49:55.790,15.35,0.1,20.68,0.1,69.63,0.35,3.85,0.021,1.355,0.074,50.7877,0.0002,5.9523,0.0003,109.44,0.03,50.8719,0.0002,5.9309,0.0003,93.0,0.03,85.3,350.9,30.4,96.1,-0.1,-2.1,0.81,000371_000395,22.78,1,2,98.201,96.694
683,2020-08-13 02:50:08.930,2020-08-13 02:50:09.350,51.03,0.12,59.51,0.05,59.44,0.07,0.0,0.0,17.625,0.003,52.5058,0.0001,7.7474,0.0001,118.07,0.01,52.4593,0.0002,7.6324,0.0001,94.99,0.03,79.4,236.4,22.5,95.0,-1.3,-3.5,1.0,000354_000802,57.06,2,12,96.268,86.465
684,2020-08-13 02:50:30.950,2020-08-13 02:50:31.220,47.74,0.0,58.13,0.0,60.81,0.0,0.0,0.0,83.448,0.0,52.8107,0.0,6.5904,0.0,109.54,0.0,52.7859,0.0,6.5171,0.0,94.63,0.0,89.1,240.8,21.1,98.9,-0.8,-2.4,0.72,000311_000821_000353,78.4,0,,,
686,2020-08-13 02:51:48.780,2020-08-13 02:51:48.950,36.35,1.7,63.07,0.94,59.44,0.57,1.715,0.039,0.003,0.096,53.2028,0.001,4.6954,0.0014,104.14,0.12,53.1835,0.0011,4.6643,0.0023,94.22,0.14,16.5,224.1,17.0,99.6,0.9,-0.4,0.46,000351_000318,34.0,0,,,
687,2020-08-13 02:52:00.200,2020-08-13 02:52:00.790,353.19,0.02,-5.66,0.01,40.96,0.01,0.574,0.002,2.028,0.004,51.6471,0.0,5.874,0.0001,94.04,0.0,51.8108,0.0001,5.9733,0.0001,82.36,0.0,81.2,20.7,59.4,85.0,0.6,-1.8,0.78,000384_003005_000320_000812_000812_003003_003001_003002,30.08,0,,,
688,2020-08-13 02:53:08.550,2020-08-13 02:53:09.010,46.98,0.0,58.49,0.0,60.18,0.0,0.0,0.0,47.685,0.0,53.3361,0.0,7.219,0.0,113.85,0.0,53.2966,0.0,7.0996,0.0,88.17,0.0,49.2,241.0,19.8,91.5,-2.0,-4.3,0.87,000325_000353_000314,64.9,1,16,89.425,84.798
689,2020-08-13 02:53:51.760,2020-08-13 02:53:52.010,47.24,0.23,59.32,0.09,60.57,0.18,0.003,0.0,23.282,0.148,52.269,0.0001,5.273,0.0003,107.78,0.02,52.2441,0.0001,5.212,0.0002,94.8,0.02,83.7,236.3,21.4,98.6,-2.1,-3.2,0.7,000328_000812,38.84,1,2,,
690,2020-08-13 02:53:51.770,2020-08-13 02:53:52.030,44.22,0.28,59.8,0.09,62.61,0.24,0.101,0.011,5.982,0.51,52.2715,0.0002,5.2698,0.0005,110.38,0.04,52.2437,0.0001,5.2061,0.0005,95.43,0.04,22.5,234.6,19.9,98.8,0.1,-2.0,0.77,000323_000822,39.5,1,2,,
692,2020-08-13 02:54:20.380,2020-08-13 02:54:20.610,49.21,0.5,58.3,0.17,59.64,0.67,0.001,0.001,31.542,0.813,51.1255,0.0005,5.0373,0.0006,106.63,0.03,51.1011,0.0009,4.978,0.0041,94.79,0.69,89.3,236.8,23.1,95.7,-0.2,-2.3,0.92,003033_003005_000324_000371_000328_003003,23.11,1,6,98.447,96.764
693,2020-08-13 02:54:33.720,2020-08-13 02:54:33.940,53.26,0.32,57.34,0.23,59.04,0.29,0.976,0.023,0.245,0.102,52.651,0.0003,4.4783,0.0004,109.08,0.05,52.6284,0.0002,4.4089,0.0004,97.34,0.04,21.1,241.8,24.8,103.7,0.6,-1.1,0.46,000352_003166,32.66,0,,,
694,2020-08-13 02:55:26.760,2020-08-13 02:55:26.840,45.27,0.49,56.93,0.28,59.66,0.47,0.003,0.003,35.044,0.459,51.6576,0.0001,4.8484,0.0003,103.81,0.03,51.6504,0.0001,4.8271,0.0003,99.28,0.04,77.4,241.6,20.6,101.6,2.3,1.1,0.49,003035_000373,26.77,0,,,
695,2020-08-13 02:55:34.040,2020-08-13 02:55:34.180,51.35,0.74,58.65,0.28,60.28,0.3,0.016,0.002,23.968,0.165,51.7069,0.0003,6.5956,0.0002,105.55,0.03,51.6919,0.0003,6.5585,0.0003,98.19,0.07,7.6,237.1,22.9,100.2,1.5,-0.3,0.72,000320_003001,37.03,0,,,
696,2020-08-13 02:55:58.610,2020-08-13 02:55:59.100,53.96,0.02,57.01,0.02,60.73,0.0,0.015,0.0,10.815,0.0,51.7716,0.0001,5.5486,0.0001,115.98,0.01,51.7199,0.0,5.3987,0.0001,90.02,0.0,73.0,240.9,24.9,97.8,-3.2,-4.9,0.7,003002_000324_000399_000813_000382_000328_000320_000812_003005,35.7,2,14,97.052,91.987
697,2020-08-13 02:56:50.730,2020-08-13 02:56:50.990,47.62,0.2,58.42,0.03,60.13,0.08,0.012,0.002,15.743,0.384,50.9176,0.0001,3.1533,0.0001,108.82,0.02,50.8877,0.0001,3.083,0.0002,94.57,0.02,87.9,236.0,23.0,98.9,-0.5,-2.5,0.7,003037_000394_000391_000397,16.14,0,,,
