aartfaac_cams_perseids2020.ecsv
# %ECSV 0.9
# ---
# datatype:
# - {name: Daily_number, datatype: int64, description: CAMS Reference index for the meteor from a nights collection of trajectories}
# - {name: Time_start, datatype: string, description: Time (UTC) of the begin point of the optical trajectory}
# - {name: Time_end, datatype: string, description: Time (UTC) of the end point of the optical trajectory}
# - {name: RAinf, unit: deg, datatype: float64, description: Right Ascention of radiant}
# - {name: RAinf +/-, datatype: float64}
# - {name: DECinf, unit: deg, datatype: float64, description: Declination of radiant}
# - {name: DECinf +/-, datatype: float64}
# - {name: Vinf, unit: km / s, datatype: float64, description: Entry speed}
# - {name: Vinf +/-, datatype: float64}
# - {name: Acc1, unit: km / s, datatype: float64, description: Acceleration parameter a1 (see Jenniskens et al.}
# - {name: Acc1 +/-, datatype: float64}
# - {name: Acc2, unit: 1 / s, datatype: float64, description: Acceleration parameter a2 (see Jenniskens et al.}
# - {name: Acc2 +/-, datatype: float64}
# - {name: LatBeg +N, unit: deg, datatype: float64, description: Geodetic latitude of the beginning point (+ to North)}
# - {name: LatBeg +N +/-, datatype: float64}
# - {name: LonBeg +E, unit: deg, datatype: float64, description: Geodetic longitude of the beginning point (+ to West!)}
# - {name: LonBeg +E +/-, datatype: float64}
# - {name: Hbeg, unit: km, datatype: float64, description: Altitude of the beginning point above WGS84 Earth ellipsoid}
# - {name: Hbeg +/-, datatype: float64}
# - {name: LatEnd +N, unit: deg, datatype: float64, description: Geodetic latitude of the end point (+ to North)}
# - {name: LatEnd +N +/-, datatype: float64}
# - {name: LonEnd +E, unit: deg, datatype: float64, description: Geodetic longitude of the end point (+ to West!)}
# - {name: LonEnd +E +/-, datatype: float64}
# - {name: Hend, unit: km, datatype: float64, description: Altitude of the end point above WGS84 Earth ellipsoid}
# - {name: Hend +/-, datatype: float64}
# - {name: Conv, unit: deg, datatype: float64, description: Highest convergence angle between planes}
# - {name: S-Azim +W, unit: deg, datatype: float64}
# - {name: ZenAng, unit: deg, datatype: float64, description: Zenith angle of radiant}
# - {name: Hmax, unit: km, datatype: float64, description: Altitude of peak brightness above WGS84 Earth ellipsoid}
# - {name: Max-mV, unit: mag, datatype: float64, description: Peak brightness in V-magnitudes (zero=3.67e-11 W/m^2/nm)}
# - {name: Int-mV, unit: mag, datatype: float64, description: Integrated brightness in magnitude (zero=3.67e-11 W/m^2/nm)}
# - {name: F-skew Hratio, datatype: float64, description: Skew factor of light curve (0=peak at beginning}
# - {name: Cameras Contributing, datatype: string, description: Contributing camera numbers}
# - {name: AARTFAAC_elevation, unit: deg, datatype: float16, description: Elevation of beginning point above AARTFAAC}
# - {name: AARTFAAC_classification, datatype: int64, description: AARTFAAC classification (0=no match}
# - {name: AARTFAAC_duration, unit: s, datatype: int64, description: Duration of AARTFAAC detection}
# - {name: Hbeg_radio, unit: km, datatype: float64, description: Altitude of the beginning of the AARTFAAC detection above WGS84 Earth
#     ellipsoid}
# - {name: Hend_radio, unit: km, datatype: float64, description: Altitude of the end of the AARTFAAC detection above WGS84 Earth ellipsoid}
# delimiter: ','
# schema: astropy-2.0
Daily_number,Time_start,Time_end,RAinf,RAinf +/-,DECinf,DECinf +/-,Vinf,Vinf +/-,Acc1,Acc1 +/-,Acc2,Acc2 +/-,LatBeg +N,LatBeg +N +/-,LonBeg +E,LonBeg +E +/-,Hbeg,Hbeg +/-,LatEnd +N,LatEnd +N +/-,LonEnd +E,LonEnd +E +/-,Hend,Hend +/-,Conv,S-Azim +W,ZenAng,Hmax,Max-mV,Int-mV,F-skew Hratio,Cameras Contributing,AARTFAAC_elevation,AARTFAAC_classification,AARTFAAC_duration,Hbeg_radio,Hend_radio
[from data line 372]
377,2020-08-13 00:26:50.230,2020-08-13 00:26:50.910,65.33,0.05,34.02,0.05,69.16,0.08,0.016,0.001,5.447,0.058,51.0741,0.0002,3.8392,0.0003,114.74,0.02,50.9145,0.0001,3.2991,0.0004,95.82,0.03,41.6,244.7,66.2,100.1,-2.9,-4.0,0.77,003165_000391_000397,19.95,1,14,102.74,101.211
378,2020-08-13 00:27:13.940,2020-08-13 00:27:14.310,47.47,0.17,56.23,0.46,58.6,0.35,0.002,0.0,20.227,0.072,53.3079,0.0006,6.2271,0.0005,109.32,0.07,53.2411,0.0009,6.0646,0.0009,93.42,0.07,21.6,235.5,40.1,99.2,-1.2,-2.3,0.63,003800_000327_000317,60.22,0,,,
379,2020-08-13 00:28:17.580,2020-08-13 00:28:17.680,50.59,1.14,59.3,0.32,58.01,0.52,0.057,0.016,6.76,0.475,51.1861,0.0002,4.5577,0.0004,102.91,0.05,51.1632,0.0003,4.5175,0.0004,98.64,0.06,26.0,227.9,42.2,102.7,2.1,0.6,0.05,003033_003165,21.14,0,,,
380,2020-08-13 00:28:30.420,2020-08-13 00:28:30.620,54.78,0.5,61.12,0.16,55.22,0.35,0.069,0.042,3.052,0.487,52.5706,0.0005,5.8969,0.0004,103.43,0.05,52.5257,0.0004,5.8216,0.0006,95.27,0.07,78.6,225.6,41.7,102.7,2.1,0.1,0.09,000376_000803_003164,53.1,0,,,
381,2020-08-13 00:29:15.720,2020-08-13 00:29:16.050,47.61,0.01,59.58,0.01,59.86,0.02,0.0,0.0,21.362,0.024,52.2291,0.0,5.9218,0.0,107.76,0.0,52.159,0.0001,5.7869,0.0001,92.73,0.02,87.4,229.7,39.3,96.5,-1.0,-2.0,0.75,000803_003800_003814_003002_000372_000816_000812_000822_003000,46.5,0,,,
382,2020-08-13 00:30:11.220,2020-08-13 00:30:11.820,46.63,0.02,58.45,0.02,62.54,0.03,2.197,0.003,1.07,0.008,52.826,0.0001,5.9639,0.0001,114.24,0.01,52.7038,0.0,5.7028,0.0001,86.08,0.01,80.9,232.2,38.9,91.4,-3.1,-4.9,0.81,000811_003800_003000_000376_000822,61.1,0,,,
383,2020-08-13 00:30:28.390,2020-08-13 00:30:28.630,46.87,0.21,56.09,0.11,53.86,0.13,0.002,0.0,21.231,0.172,53.0622,0.0003,7.4156,0.0002,103.43,0.03,53.0228,0.0004,7.3167,0.0004,93.43,0.06,22.7,236.5,39.0,99.9,0.3,-0.9,0.35,003800_000314_000325_000326,68.44,0,,,
384,2020-08-13 00:30:42.500,2020-08-13 00:30:42.690,48.44,0.25,58.4,0.07,58.97,0.08,0.0,0.0,32.835,0.129,50.6168,0.0001,3.6957,0.0001,103.79,0.02,50.5741,0.0001,3.618,0.0002,95.59,0.03,56.5,229.2,42.0,100.0,-1.1,-2.6,0.47,003034_000379_000807_000397,15.484,0,,,
385,2020-08-13 00:30:49.620,2020-08-13 00:30:49.950,15.27,0.37,65.51,0.09,52.98,0.14,0.001,0.0,21.81,0.578,51.4167,0.0002,4.0123,0.0002,106.14,0.02,51.3669,0.0003,3.945,0.0004,90.53,0.06,72.7,220.2,25.3,94.1,-2.1,-3.7,0.77,003814_003003_000373,21.12,1,14,99.827,98.041
386,2020-08-13 00:30:56.530,2020-08-13 00:30:56.870,66.61,0.13,36.11,0.11,68.47,0.18,0.027,0.003,9.047,0.104,52.849,0.0003,7.8235,0.0005,107.0,0.06,52.7786,0.0001,7.5538,0.0006,96.12,0.05,53.1,246.6,61.7,99.9,-0.1,-1.9,0.66,000326_000354_000802,58.38,0,,,
387,2020-08-13 00:31:40.120,2020-08-13 00:31:40.260,43.24,0.79,61.29,0.63,58.58,0.22,0.0,0.016,8.085,0.417,51.6444,0.0002,2.1222,0.0006,104.51,0.04,51.6136,0.0002,2.0692,0.001,98.08,0.04,31.6,227.0,38.5,100.8,1.4,-0.6,0.58,000390_003162,14.76,0,,,
388,2020-08-13 00:32:53.210,2020-08-13 00:32:53.490,47.7,0.13,57.96,0.13,63.53,0.47,0.134,0.009,11.912,0.427,53.062,0.0005,6.2259,0.0005,112.5,0.06,53.0055,0.0003,6.0999,0.0003,99.2,0.03,23.7,233.3,38.9,104.7,0.7,-1.7,0.58,000311_000353_000317,67.25,0,,,
389,2020-08-13 00:33:28.120,2020-08-13 00:33:28.380,50.66,0.18,58.6,0.09,59.39,0.14,0.0,0.0,31.333,0.11,53.1775,0.0008,7.6697,0.0005,102.79,0.07,53.1249,0.0008,7.5576,0.0006,90.93,0.08,35.7,232.0,39.2,101.0,-0.2,-1.3,0.15,003814_000314,58.8,0,,,
390,2020-08-13 00:33:37.590,2020-08-13 00:33:37.770,11.62,0.45,18.97,0.3,66.05,0.85,0.0,0.008,17.376,0.496,50.6757,0.0007,4.1006,0.0003,100.53,0.05,50.7148,0.0008,4.0071,0.0006,92.0,0.09,4.5,303.3,43.3,96.7,1.2,-0.2,0.45,003034_003165,16.2,0,,,
391,2020-08-13 00:33:58.170,2020-08-13 00:33:58.460,53.87,0.07,59.29,0.06,59.21,0.09,0.0,0.0,26.609,0.016,52.0782,0.0001,6.4236,0.0001,107.77,0.01,52.0133,0.0001,6.3042,0.0002,95.27,0.02,84.9,228.6,41.6,100.3,-1.1,-2.1,0.6,003800_000816_000812_003002_003161_000372,47.03,1,4,100.089,97.175
392,2020-08-13 00:34:08.980,2020-08-13 00:34:09.360,45.26,0.24,56.59,0.41,60.04,0.36,0.048,0.009,6.621,0.223,53.6393,0.0006,4.6942,0.0004,110.82,0.06,53.5707,0.001,4.521,0.0006,93.22,0.08,28.2,236.3,38.6,96.9,-2.2,-4.0,0.79,003167_000351_000318,32.75,0,,,
393,2020-08-13 00:34:55.500,2020-08-13 00:34:55.700,23.23,0.79,72.29,0.1,49.01,0.16,0.0,0.0,91.413,0.205,51.765,0.0003,5.5522,0.0015,102.01,0.06,51.7286,0.0019,5.5216,0.0024,93.56,0.42,83.2,207.5,28.8,98.1,0.2,-1.4,0.46,003035_000320_003003_000372_000812_000324_003005_000813,32.22,1,4,99.526,93.486
395,2020-08-13 00:36:35.210,2020-08-13 00:36:35.420,47.96,0.31,57.8,0.18,59.77,0.36,0.01,0.005,13.496,0.714,51.2518,0.0002,6.5267,0.0004,108.04,0.04,51.2098,0.0001,6.4407,0.0005,98.66,0.03,67.8,232.1,39.5,102.3,1.0,-0.5,0.62,000347_000381,29.02,0,,,
396,2020-08-13 00:36:50.540,2020-08-13 00:36:50.760,47.45,0.42,57.47,0.28,63.19,0.48,0.104,0.018,9.001,0.503,53.6929,0.0005,6.7856,0.0004,109.99,0.04,53.6521,0.0006,6.6863,0.0004,99.53,0.05,34.1,235.3,37.8,103.3,0.8,-1.5,0.64,000314_000353,51.12,0,,,
397,2020-08-13 00:36:59.860,2020-08-13 00:37:00.020,49.47,0.57,57.45,0.2,60.46,0.17,0.0,0.0,28.665,0.142,52.7919,0.0002,5.585,0.0003,106.78,0.02,52.7583,0.0002,5.5107,0.0004,99.17,0.04,65.1,233.3,39.9,103.1,1.2,-0.5,0.48,000803_000822,50.0,0,,,
398,2020-08-13 00:37:10.340,2020-08-13 00:37:10.470,46.18,0.3,58.85,0.16,59.78,0.12,0.0,0.0,85.315,0.142,52.9657,0.0001,6.4247,0.0001,108.84,0.01,52.9402,0.0002,6.369,0.0005,102.55,0.03,42.1,232.8,37.2,106.4,2.6,0.8,0.39,000327_000821,74.1,0,,,
399,2020-08-13 00:38:05.790,2020-08-13 00:38:06.030,47.43,0.31,58.28,0.13,60.9,0.17,0.025,0.004,10.825,0.221,50.7602,0.0002,6.7372,0.0003,106.54,0.02,50.71,0.0003,6.6386,0.0005,95.39,0.04,69.3,231.2,39.1,100.9,-0.3,-1.7,0.5,003814_000371_000383_000806,22.69,0,,,
400,2020-08-13 00:38:08.750,2020-08-13 00:38:09.110,43.86,0.24,57.21,0.08,59.96,0.09,10.633,0.032,0.057,0.008,52.5092,0.0002,5.66,0.0003,112.37,0.05,52.4445,0.0002,5.5062,0.0005,95.39,0.05,27.1,235.4,37.3,103.6,1.1,-1.0,0.51,000376_000822_003004_003000,49.6,0,,,
402,2020-08-13 00:39:19.880,2020-08-13 00:39:20.080,0.45,0.18,36.97,0.16,53.35,0.18,0.0,0.0,36.25,0.215,50.7743,0.0002,6.4127,0.0005,96.79,0.02,50.7927,0.0002,6.3669,0.0007,86.71,0.07,86.9,302.4,21.1,90.6,-0.8,-1.7,0.61,003814_000383_000806_000371,20.7,0,,,
403,2020-08-13 00:40:12.830,2020-08-13 00:40:13.240,48.36,0.0,58.15,0.0,60.75,0.0,0.0,0.0,42.529,0.0,53.1435,0.0,6.5496,0.0,111.21,0.0,53.0644,0.0,6.3714,0.0001,91.93,0.01,43.8,233.5,38.1,95.4,-1.5,-2.9,0.82,003800_000311_000353_000327_000317,73.06,0,,,
404,2020-08-13 00:40:30.440,2020-08-13 00:40:30.800,47.06,0.0,59.64,0.0,59.83,0.0,0.0,0.0,71.847,0.0,53.1194,0.0,4.3413,0.0,107.75,0.0,53.0468,0.0,4.1919,0.0,90.91,0.0,14.7,231.0,37.9,93.5,0.5,-1.9,0.84,003166_000352,31.2,1,4,95.439,94.535
405,2020-08-13 00:41:22.820,2020-08-13 00:41:23.070,46.76,0.12,58.02,0.12,61.51,0.15,0.0,0.0,35.207,0.07,52.691,0.0002,4.0737,0.0003,109.47,0.03,52.6415,0.0001,3.9649,0.0005,97.75,0.03,7.2,233.1,38.6,101.4,0.4,-1.7,0.69,000352_003166,28.86,0,,,
406,2020-08-13 00:42:24.640,2020-08-13 00:42:24.920,52.21,0.12,56.29,0.09,58.99,0.09,0.0,0.002,8.294,0.043,52.5646,0.0002,5.7098,0.0003,105.89,0.06,52.5084,0.0002,5.5819,0.0004,93.45,0.05,70.0,234.2,41.2,97.2,1.9,-0.5,0.7,000376_000803_003004_000822,49.78,0,,,
407,2020-08-13 00:42:30.360,2020-08-13 00:42:30.600,48.17,0.2,59.41,0.21,60.63,0.36,0.03,0.007,13.693,0.553,51.0746,0.0002,6.5346,0.0007,106.72,0.05,51.0249,0.0004,6.4409,0.0007,95.73,0.07,55.6,229.9,38.5,101.1,-0.2,-1.6,0.51,003814_000383_000806,26.25,0,,,
408,2020-08-13 00:42:40.120,2020-08-13 00:42:40.480,46.56,0.04,59.77,0.0,59.6,0.02,0.0,0.0,35.534,0.0,52.1318,0.0,5.5335,0.0,108.65,0.0,52.0604,0.0001,5.3925,0.0001,91.99,0.02,88.5,230.5,37.4,99.9,-1.3,-2.6,0.53,003035_003814_000323_000822_003004_000812_000399_003002_003003,40.0,2,4,,
409,2020-08-13 00:43:49.680,2020-08-13 00:43:49.880,50.29,0.16,41.28,0.29,69.67,0.42,0.001,0.0,31.741,0.095,51.0963,0.0003,2.5585,0.0005,105.78,0.04,51.0653,0.0002,2.4225,0.0007,97.29,0.03,28.4,250.1,50.5,100.6,0.8,-1.2,0.61,000394_000390,14.695,0,,,
410,2020-08-13 00:43:59.580,2020-08-13 00:43:59.710,44.94,0.07,53.23,0.03,62.49,0.04,0.0,0.0,128.998,0.008,50.7659,0.0001,3.9518,0.0,103.55,0.0,50.7432,0.0001,3.8923,0.0002,97.7,0.02,36.9,239.0,40.4,99.4,1.9,0.4,0.71,003034_000397,16.8,0,,,
411,2020-08-13 00:44:08.700,2020-08-13 00:44:09.240,48.93,0.06,58.66,0.02,59.92,0.04,0.001,0.0,12.131,0.043,52.7268,0.0,7.1883,0.0001,115.19,0.01,52.6231,0.0001,6.9641,0.0003,90.02,0.02,89.8,232.7,37.6,96.5,-2.6,-4.3,0.74,003800_003814_000326_000821_000354,75.1,2,4,,
412,2020-08-13 00:44:25.180,2020-08-13 00:44:25.470,12.59,0.31,70.14,0.11,49.18,0.35,0.016,0.006,16.546,0.622,52.994,0.0003,6.3681,0.0004,104.76,0.05,52.9524,0.0002,6.3303,0.0002,91.98,0.03,88.4,208.7,22.8,96.6,1.1,-1.2,0.64,000311_000353_000317,71.3,0,,,
413,2020-08-13 00:44:43.670,2020-08-13 00:44:44.070,46.21,0.06,58.48,0.03,60.15,0.03,0.0,0.0,22.059,0.267,53.2273,0.0001,6.8392,0.0001,112.17,0.01,53.1557,0.0002,6.6728,0.0005,93.1,0.05,69.0,234.3,36.1,99.8,-2.0,-3.1,0.65,000810_003800_003814_000353_000317_000327_000325_000314,72.5,0,,,
414,2020-08-13 00:44:46.150,2020-08-13 00:44:46.260,55.03,0.58,56.37,0.52,55.38,0.46,0.0,0.001,20.129,0.235,52.8943,0.0004,4.4861,0.0005,104.2,0.05,52.8717,0.0003,4.4364,0.0006,99.58,0.06,13.5,233.0,42.6,101.9,2.3,1.0,0.5,000352_003166,32.06,0,,,
415,2020-08-13 00:45:04.340,2020-08-13 00:45:04.610,44.47,0.32,58.35,0.13,64.52,0.16,0.932,0.017,3.218,0.054,50.5137,0.0002,6.0302,0.0004,109.54,0.03,50.4602,0.0002,5.9227,0.0005,96.6,0.05,79.6,232.0,37.3,103.6,0.5,-0.8,0.46,003814_000348_000395,20.42,0,,,
416,2020-08-13 00:45:25.890,2020-08-13 00:45:26.050,44.97,0.48,56.46,0.17,63.96,0.26,0.064,0.005,15.362,0.332,50.8862,0.0003,4.4935,0.0003,105.17,0.05,50.8554,0.0003,4.4246,0.0004,97.62,0.06,20.9,234.7,38.6,101.3,1.3,-0.5,0.52,003033_003165,19.25,1,2,102.668,98.885
417,2020-08-13 00:45:49.950,2020-08-13 00:45:50.380,48.49,0.09,57.68,0.05,59.15,0.05,0.0,0.0,15.312,0.204,52.369,0.0002,6.8815,0.0001,108.85,0.01,52.2882,0.0003,6.6996,0.0005,88.83,0.05,13.9,234.0,37.9,96.1,-1.0,-3.3,0.64,003800_000354,60.34,2,10,101.834,96.275
418,2020-08-13 00:46:11.260,2020-08-13 00:46:11.440,56.48,0.6,55.71,0.53,61.43,0.24,0.086,0.007,14.538,0.434,51.5245,0.0002,2.3926,0.0008,102.59,0.05,51.4833,0.0002,2.3096,0.0007,95.19,0.05,25.8,231.4,45.3,97.5,1.4,-0.5,0.69,003036_000888_000390,14.99,1,4,100.072,95.251
419,2020-08-13 00:46:14.060,2020-08-13 00:46:14.580,46.77,0.1,61.35,0.07,67.5,0.07,3.483,0.012,1.228,0.01,53.0297,0.0003,5.5277,0.0002,112.78,0.04,52.9218,0.0004,5.321,0.0004,87.08,0.06,33.4,229.1,36.0,97.0,-1.4,-2.6,0.61,000376_003800_000318,50.44,2,26,96.845,92.86
420,2020-08-13 00:46:49.710,2020-08-13 00:46:49.880,27.21,0.25,45.85,0.22,56.9,0.18,4.39,0.018,0.027,0.019,52.414,0.0001,6.3426,0.0004,102.32,0.03,52.4084,0.0002,6.2691,0.0003,93.82,0.03,87.8,262.9,31.1,96.1,1.4,-0.1,0.73,000822_003000_000812,56.6,0,,,
421,2020-08-13 00:47:12.470,2020-08-13 00:47:12.650,44.72,0.24,58.28,0.15,57.68,0.2,0.0,0.021,7.973,0.378,52.8946,0.0002,7.5089,0.0003,106.15,0.03,52.865,0.0003,7.4383,0.0006,97.74,0.05,75.0,235.2,35.0,100.5,1.0,-0.8,0.68,000354_000325_000326,67.56,0,,,
422,2020-08-13 00:47:30.120,2020-08-13 00:47:30.440,51.77,0.0,59.13,0.0,59.18,0.0,0.0,0.0,62.789,0.0,53.1066,0.0,5.9906,0.0,111.19,0.0,53.0418,0.0001,5.8556,0.0001,96.48,0.01,51.0,231.4,38.7,102.9,0.2,-2.4,0.56,000801_000353_000317_000327,60.06,0,,,
423,2020-08-13 00:47:31.540,2020-08-13 00:47:31.900,47.77,0.28,58.88,0.14,60.56,0.21,1.312,0.101,0.293,0.159,50.4849,0.0005,6.4661,0.0008,107.42,0.09,50.4094,0.0008,6.3223,0.0013,90.36,0.12,49.7,230.5,38.3,96.0,0.6,-1.1,0.67,003814_000806,20.17,0,,,
424,2020-08-13 00:48:08.540,2020-08-13 00:48:08.840,35.6,0.15,23.35,0.27,68.88,0.14,0.002,0.001,15.57,0.424,53.0401,0.0003,4.2837,0.0004,110.7,0.03,53.0684,0.0004,4.0513,0.0009,98.15,0.05,15.8,281.3,52.2,102.3,0.9,-1.7,0.67,000352_003166,31.42,0,,,
425,2020-08-13 00:48:44.450,2020-08-13 00:48:44.710,49.12,0.13,60.07,0.08,58.93,0.05,0.161,0.003,3.731,0.079,51.5007,0.0001,5.6448,0.0002,106.33,0.01,51.4479,0.0,5.5468,0.0003,94.67,0.01,86.6,229.2,38.1,98.6,0.1,-1.3,0.66,003035_003814_000816_000812_000384_000371_000324_000320_000813,29.8,0,,,
426,2020-08-13 00:50:07.500,2020-08-13 00:50:07.730,49.77,0.46,59.79,0.09,58.82,0.15,0.001,0.0,28.834,0.18,51.2257,0.0002,4.6526,0.0002,104.73,0.03,51.1772,0.0001,4.5636,0.0003,94.39,0.05,66.0,229.0,39.0,100.2,1.3,-1.1,0.44,003033_003814_003165_000373,22.16,0,,,
427,2020-08-13 00:51:14.290,2020-08-13 00:51:14.410,55.11,1.18,53.81,0.78,62.05,0.56,6.015,0.034,0.086,0.051,51.644,0.0003,2.4352,0.0012,105.74,0.05,51.6176,0.0004,2.3746,0.0014,100.51,0.05,27.2,235.0,44.9,103.1,1.7,-0.2,0.51,003162_000888,15.93,0,,,
428,2020-08-13 00:51:43.920,2020-08-13 00:51:44.060,52.15,0.95,57.51,0.54,59.83,0.38,0.002,0.001,31.042,0.347,50.6523,0.0002,2.2895,0.0009,103.24,0.05,50.6212,0.0002,2.2302,0.001,97.16,0.05,21.9,230.5,42.3,100.6,1.4,-0.4,0.43,000393_000394,12.41,0,,,
429,2020-08-13 00:51:49.580,2020-08-13 00:51:49.960,50.56,0.14,57.64,0.08,62.56,1.38,0.031,0.019,20.501,0.642,51.659,0.0006,6.3461,0.0015,110.04,0.15,51.5883,0.0042,6.1953,0.0098,93.53,1.01,70.9,233.0,38.9,100.1,-0.1,-1.5,0.6,003814_003001_003161_000812_000320_000372_000321,36.44,0,,,
430,2020-08-13 00:51:53.580,2020-08-13 00:51:53.780,49.79,0.43,57.64,0.13,60.44,0.27,0.015,0.005,13.134,0.31,52.7044,0.0001,6.4622,0.0003,108.78,0.02,52.6669,0.0001,6.3758,0.0003,99.34,0.03,41.2,234.4,37.8,104.0,1.5,-0.4,0.5,000311_000821,71.3,0,,,
431,2020-08-13 00:52:21.100,2020-08-13 00:52:21.270,48.19,0.28,59.55,0.26,63.02,0.46,0.001,0.0,37.352,0.443,52.8049,0.0002,4.4775,0.0003,107.31,0.05,52.7712,0.0002,4.4073,0.0004,99.18,0.04,12.2,231.5,37.1,102.0,1.6,-0.2,0.65,000352_003166,32.62,0,,,
432,2020-08-13 00:52:50.610,2020-08-13 00:52:50.710,318.17,1.01,57.42,0.92,51.61,0.68,3.738,0.042,2.849,0.228,51.8025,0.0004,4.544,0.0006,98.89,0.05,51.7979,0.0002,4.5556,0.0004,94.89,0.05,73.6,122.8,13.6,98.1,1.9,0.3,0.2,003003_000813,25.11,0,,,
433,2020-08-13 00:53:58.950,2020-08-13 00:53:59.730,230.88,1.01,-54.75,0.57,22.31,0.12,0.178,0.003,6.065,0.044,50.4424,0.0002,2.6401,0.0003,101.78,0.05,50.4318,0.0022,2.6166,0.0051,99.5,0.56,61.4,54.8,137.6,102.9,1.3,-0.5,0.48,003037_000393_000394,12.305,,,,
434,2020-08-13 00:55:29.790,2020-08-13 00:55:30.200,46.21,0.14,60.57,0.18,59.52,0.27,0.032,0.004,7.985,0.236,52.4089,0.0003,3.7202,0.0003,97.81,0.04,52.3293,0.0006,3.565,0.0002,78.64,0.07,4.1,230.0,36.1,90.0,-1.3,-2.7,0.41,003031_003814,22.78,0,,,
435,2020-08-13 00:56:05.290,2020-08-13 00:56:05.470,46.62,0.43,61.94,0.13,56.22,0.24,0.0,0.0,36.866,0.023,53.0664,0.0002,6.5537,0.0003,110.25,0.02,53.0336,0.0002,6.491,0.0003,101.87,0.03,67.8,229.1,34.1,109.3,1.8,0.0,0.11,000353_000821,75.94,0,,,
436,2020-08-13 00:56:43.310,2020-08-13 00:56:43.790,47.77,0.0,58.34,0.0,60.6,0.0,0.0,0.0,50.694,0.0,50.7778,0.0,6.585,0.0,112.77,0.0,50.6864,0.0,6.3987,0.0,90.37,0.0,56.1,232.2,37.1,93.6,-4.0,-5.6,0.85,003831_000371_003814_000806,24.02,2,16,100.759,86.397
437,2020-08-13 00:57:50.170,2020-08-13 00:57:50.540,48.5,0.15,58.17,0.06,60.87,0.07,0.0,0.0,25.338,0.289,50.6461,0.0001,4.8803,0.0003,111.0,0.01,50.5708,0.0002,4.7294,0.0002,93.47,0.03,74.2,231.8,38.3,97.5,-2.2,-3.9,0.77,003033_003005_003814_003165,19.66,1,6,97.801,91.774
438,2020-08-13 00:58:17.990,2020-08-13 00:58:18.250,53.72,0.45,57.46,0.28,58.12,0.37,0.0,0.0,33.209,0.437,52.2534,0.0002,5.6105,0.0007,107.73,0.05,52.2034,0.0004,5.5017,0.0011,96.34,0.08,88.5,233.1,39.7,98.3,0.0,-1.2,0.83,003814_000822_000323_003004_000328_003002_003000,42.94,1,2,103.015,102.166
439,2020-08-13 00:58:37.540,2020-08-13 00:58:37.680,45.97,0.41,53.49,0.9,55.01,1.17,0.0,0.001,24.589,0.363,52.785,0.0007,4.7121,0.0003,107.11,0.11,52.7657,0.0011,4.6517,0.0002,101.0,0.19,2.4,242.2,37.5,105.3,1.7,-0.0,0.3,003166_000377,35.38,0,,,
